﻿NUMBER; DRIVER_NUMBER; LAP_NUMBER; LAP_TIME; LAP_IMPROVEMENT; CROSSING_FINISH_LINE_IN_PIT; S1; S1_IMPROVEMENT; S2; S2_IMPROVEMENT; S3; S3_IMPROVEMENT; KPH; ELAPSED; HOUR;S1_LARGE;S2_LARGE;S3_LARGE;TOP_SPEED;DRIVER_NAME;PIT_TIME;CLASS;GROUP;TEAM;MANUFACTURER;POWER;FANBOOST;
13;1;1;1:42.671;0;;39.197;0;36.572;0;26.902;0;88.1;1:42.671;09:58:42.671;0:39.197;0:36.572;0:26.902;;António Félix DA COSTA;0:00:12.177;;B;TAG Heuer Porsche Formula E Team;PORSCHE;;false;
13;1;2;1:26.690;0;;28.295;0;32.686;0;25.709;0;109.2;3:09.361;10:00:09.361;0:28.295;0:32.686;0:25.709;;António Félix DA COSTA;;;B;TAG Heuer Porsche Formula E Team;PORSCHE;;false;
13;1;3;1:22.487;0;;25.754;0;31.636;0;25.097;0;114.8;4:31.848;10:01:31.848;0:25.754;0:31.636;0:25.097;;António Félix DA COSTA;;;B;TAG Heuer Porsche Formula E Team;PORSCHE;;false;
13;1;4;1:26.971;0;;25.905;0;31.920;0;29.146;0;108.9;5:58.819;10:02:58.819;0:25.905;0:31.920;0:29.146;;António Félix DA COSTA;;;B;TAG Heuer Porsche Formula E Team;PORSCHE;;false;
13;1;5;1:14.433;0;;23.084;0;28.709;0;22.640;0;127.2;7:13.252;10:04:13.252;0:23.084;0:28.709;0:22.640;;António Félix DA COSTA;;;B;TAG Heuer Porsche Formula E Team;PORSCHE;;false;
13;1;6;1:32.807;0;;27.538;0;36.118;0;29.151;0;102.0;8:46.059;10:05:46.059;0:27.538;0:36.118;0:29.151;;António Félix DA COSTA;;;B;TAG Heuer Porsche Formula E Team;PORSCHE;;false;
13;1;7;1:13.603;0;;23.034;0;28.266;3;22.303;0;128.6;9:59.662;10:06:59.662;0:23.034;0:28.266;0:22.303;;António Félix DA COSTA;;;B;TAG Heuer Porsche Formula E Team;PORSCHE;;false;
13;1;8;1:40.858;0;;31.043;0;40.627;0;29.188;0;93.9;11:40.520;10:08:40.520;0:31.043;0:40.627;0:29.188;;António Félix DA COSTA;;;B;TAG Heuer Porsche Formula E Team;PORSCHE;;false;
13;1;9;1:13.491;2;;22.821;2;28.381;0;22.289;2;128.8;12:54.011;10:09:54.011;0:22.821;0:28.381;0:22.289;;António Félix DA COSTA;;;B;TAG Heuer Porsche Formula E Team;PORSCHE;;false;
17;1;1;1:44.228;0;;40.729;0;36.850;0;26.649;0;86.8;1:44.228;09:58:44.228;0:40.729;0:36.850;0:26.649;;Norman NATO;0:00:13.579;;B;Nissan Formula E Team;NISSAN;;false;
17;1;2;1:26.007;0;;28.177;0;32.064;0;25.766;0;110.1;3:10.235;10:00:10.235;0:28.177;0:32.064;0:25.766;;Norman NATO;;;B;Nissan Formula E Team;NISSAN;;false;
17;1;3;1:28.829;0;B;26.284;0;31.533;0;31.012;0;106.6;4:39.064;10:01:39.064;0:26.284;0:31.533;0:31.012;;Norman NATO;;;B;Nissan Formula E Team;NISSAN;;false;
17;1;4;3:26.860;0;;2:31.162;0;32.016;0;23.682;0;45.8;8:05.924;10:05:05.924;2:31.162;0:32.016;0:23.682;;Norman NATO;0:02:13.337;;B;Nissan Formula E Team;NISSAN;;false;
17;1;5;1:14.472;0;;23.414;0;28.852;2;22.206;2;127.1;9:20.396;10:06:20.396;0:23.414;0:28.852;0:22.206;;Norman NATO;;;B;Nissan Formula E Team;NISSAN;;false;
17;1;6;1:24.102;0;;27.248;0;31.800;0;25.054;0;112.6;10:44.498;10:07:44.498;0:27.248;0:31.800;0:25.054;;Norman NATO;;;B;Nissan Formula E Team;NISSAN;;false;
17;1;7;1:14.389;2;;22.835;2;29.058;0;22.496;0;127.3;11:58.887;10:08:58.887;0:22.835;0:29.058;0:22.496;;Norman NATO;;;B;Nissan Formula E Team;NISSAN;;false;
17;1;8;1:14.495;0;;22.854;0;29.013;0;22.628;0;127.1;13:13.382;10:10:13.382;0:22.854;0:29.013;0:22.628;;Norman NATO;;;B;Nissan Formula E Team;NISSAN;;false;
21;1;1;1:51.280;0;;47.719;0;35.732;0;27.829;0;81.3;1:51.280;09:58:51.280;0:47.719;0:35.732;0:27.829;;Nyck DE VRIES;0:00:18.869;;B;MAHINDRA RACING;MAHINDRA RACING;;false;
21;1;2;1:24.341;0;;26.590;0;31.682;0;26.069;0;112.3;3:15.621;10:00:15.621;0:26.590;0:31.682;0:26.069;;Nyck DE VRIES;;;B;MAHINDRA RACING;MAHINDRA RACING;;false;
21;1;3;1:21.570;0;;24.915;0;31.897;0;24.758;0;116.1;4:37.191;10:01:37.191;0:24.915;0:31.897;0:24.758;;Nyck DE VRIES;;;B;MAHINDRA RACING;MAHINDRA RACING;;false;
21;1;4;1:32.551;0;;28.117;0;34.258;0;30.176;0;102.3;6:09.742;10:03:09.742;0:28.117;0:34.258;0:30.176;;Nyck DE VRIES;;;B;MAHINDRA RACING;MAHINDRA RACING;;false;
21;1;5;1:14.515;0;;23.019;0;28.957;0;22.539;0;127.1;7:24.257;10:04:24.257;0:23.019;0:28.957;0:22.539;;Nyck DE VRIES;;;B;MAHINDRA RACING;MAHINDRA RACING;;false;
21;1;6;1:35.357;0;;27.533;0;38.145;0;29.679;0;99.3;8:59.614;10:05:59.614;0:27.533;0:38.145;0:29.679;;Nyck DE VRIES;;;B;MAHINDRA RACING;MAHINDRA RACING;;false;
21;1;7;1:14.061;2;;22.714;3;28.992;0;22.355;0;127.8;10:13.675;10:07:13.675;0:22.714;0:28.992;0:22.355;;Nyck DE VRIES;;;B;MAHINDRA RACING;MAHINDRA RACING;;false;
21;1;8;1:39.730;0;;30.305;0;39.569;0;29.856;0;94.9;11:53.405;10:08:53.405;0:30.305;0:39.569;0:29.856;;Nyck DE VRIES;;;B;MAHINDRA RACING;MAHINDRA RACING;;false;
21;1;9;1:14.283;0;;23.170;0;28.810;2;22.303;2;127.5;13:07.688;10:10:07.688;0:23.170;0:28.810;0:22.303;;Nyck DE VRIES;;;B;MAHINDRA RACING;MAHINDRA RACING;;false;
25;1;1;1:40.871;0;;37.268;0;36.408;0;27.195;0;89.7;1:40.871;09:58:40.871;0:37.268;0:36.408;0:27.195;;Jean-Éric VERGNE;0:00:10.743;;B;DS PENSKE;STELLANTIS;;false;
25;1;2;1:26.702;0;;27.727;0;33.316;0;25.659;0;109.2;3:07.573;10:00:07.573;0:27.727;0:33.316;0:25.659;;Jean-Éric VERGNE;;;B;DS PENSKE;STELLANTIS;;false;
25;1;3;1:23.494;0;;26.019;0;32.267;0;25.208;0;113.4;4:31.067;10:01:31.067;0:26.019;0:32.267;0:25.208;;Jean-Éric VERGNE;;;B;DS PENSKE;STELLANTIS;;false;
25;1;4;1:25.084;0;;25.865;0;32.269;0;26.950;0;111.3;5:56.151;10:02:56.151;0:25.865;0:32.269;0:26.950;;Jean-Éric VERGNE;;;B;DS PENSKE;STELLANTIS;;false;
25;1;5;1:14.364;0;;23.370;0;28.743;0;22.251;0;127.3;7:10.515;10:04:10.515;0:23.370;0:28.743;0:22.251;;Jean-Éric VERGNE;;;B;DS PENSKE;STELLANTIS;;false;
25;1;6;1:38.949;0;;29.639;0;39.627;0;29.683;0;95.7;8:49.464;10:05:49.464;0:29.639;0:39.627;0:29.683;;Jean-Éric VERGNE;;;B;DS PENSKE;STELLANTIS;;false;
25;1;7;1:13.792;0;;22.954;2;28.606;0;22.232;0;128.3;10:03.256;10:07:03.256;0:22.954;0:28.606;0:22.232;;Jean-Éric VERGNE;;;B;DS PENSKE;STELLANTIS;;false;
25;1;8;1:42.213;0;;32.534;0;39.145;0;30.534;0;92.6;11:45.469;10:08:45.469;0:32.534;0:39.145;0:30.534;;Jean-Éric VERGNE;;;B;DS PENSKE;STELLANTIS;;false;
25;1;9;1:13.528;2;;22.995;0;28.484;2;22.049;2;128.8;12:58.997;10:09:58.997;0:22.995;0:28.484;0:22.049;;Jean-Éric VERGNE;;;B;DS PENSKE;STELLANTIS;;false;
27;1;1;1:45.832;0;;42.148;0;37.242;0;26.442;0;85.4;1:45.832;09:58:45.832;0:42.148;0:37.242;0:26.442;;Jake DENNIS;0:00:16.043;;B;Andretti Formula E;PORSCHE;;false;
27;1;2;1:26.707;0;;27.542;0;34.043;0;25.122;0;109.2;3:12.539;10:00:12.539;0:27.542;0:34.043;0:25.122;;Jake DENNIS;;;B;Andretti Formula E;PORSCHE;;false;
27;1;3;1:22.883;0;;26.706;0;32.160;0;24.017;0;114.2;4:35.422;10:01:35.422;0:26.706;0:32.160;0:24.017;;Jake DENNIS;;;B;Andretti Formula E;PORSCHE;;false;
27;1;4;1:27.490;0;;25.716;0;31.468;0;30.306;0;108.2;6:02.912;10:03:02.912;0:25.716;0:31.468;0:30.306;;Jake DENNIS;;;B;Andretti Formula E;PORSCHE;;false;
27;1;5;1:17.351;0;;23.167;0;28.647;0;25.537;0;122.4;7:20.263;10:04:20.263;0:23.167;0:28.647;0:25.537;;Jake DENNIS;;;B;Andretti Formula E;PORSCHE;;false;
27;1;6;1:33.043;0;;27.904;0;35.335;0;29.804;0;101.8;8:53.306;10:05:53.306;0:27.904;0:35.335;0:29.804;;Jake DENNIS;;;B;Andretti Formula E;PORSCHE;;false;
27;1;7;1:14.451;0;;22.767;2;28.795;0;22.889;0;127.2;10:07.757;10:07:07.757;0:22.767;0:28.795;0:22.889;;Jake DENNIS;;;B;Andretti Formula E;PORSCHE;;false;
27;1;8;1:39.897;0;;29.928;0;37.784;0;32.185;0;94.8;11:47.654;10:08:47.654;0:29.928;0:37.784;0:32.185;;Jake DENNIS;;;B;Andretti Formula E;PORSCHE;;false;
27;1;9;1:13.423;2;;23.026;0;28.468;2;21.929;3;129.0;13:01.077;10:10:01.077;0:23.026;0:28.468;0:21.929;;Jake DENNIS;;;B;Andretti Formula E;PORSCHE;;false;
33;1;1;1:56.305;0;;53.746;0;36.853;0;25.706;0;77.8;1:56.305;09:58:56.305;0:53.746;0:36.853;0:25.706;;Dan TICKTUM;0:00:25.495;;B;Cupra Kiro;PORSCHE;;false;
33;1;2;1:24.030;0;;26.363;0;32.706;0;24.961;0;112.7;3:20.335;10:00:20.335;0:26.363;0:32.706;0:24.961;;Dan TICKTUM;;;B;Cupra Kiro;PORSCHE;;false;
33;1;3;1:21.836;0;;27.209;0;31.606;0;23.021;0;115.7;4:42.171;10:01:42.171;0:27.209;0:31.606;0:23.021;;Dan TICKTUM;;;B;Cupra Kiro;PORSCHE;;false;
33;1;4;1:24.583;0;;24.176;0;30.358;0;30.049;0;111.9;6:06.754;10:03:06.754;0:24.176;0:30.358;0:30.049;;Dan TICKTUM;;;B;Cupra Kiro;PORSCHE;;false;
33;1;5;1:14.585;0;;22.947;2;29.132;0;22.506;0;126.9;7:21.339;10:04:21.339;0:22.947;0:29.132;0:22.506;;Dan TICKTUM;;;B;Cupra Kiro;PORSCHE;;false;
33;1;6;1:35.340;0;;29.547;0;35.388;0;30.405;0;99.3;8:56.679;10:05:56.679;0:29.547;0:35.388;0:30.405;;Dan TICKTUM;;;B;Cupra Kiro;PORSCHE;;false;
33;1;7;1:14.288;2;;23.076;0;28.528;2;22.684;0;127.4;10:10.967;10:07:10.967;0:23.076;0:28.528;0:22.684;;Dan TICKTUM;;;B;Cupra Kiro;PORSCHE;;false;
33;1;8;1:38.454;0;;28.664;0;37.968;0;31.822;0;96.2;11:49.421;10:08:49.421;0:28.664;0:37.968;0:31.822;;Dan TICKTUM;;;B;Cupra Kiro;PORSCHE;;false;
33;1;9;1:14.734;0;;23.158;0;29.179;0;22.397;2;126.7;13:04.155;10:10:04.155;0:23.158;0:29.179;0:22.397;;Dan TICKTUM;;;B;Cupra Kiro;PORSCHE;;false;
37;1;1;4:20.439;0;;3:17.326;0;36.784;0;26.329;0;34.7;4:20.439;10:01:20.439;3:17.326;0:36.784;0:26.329;;Nick CASSIDY;0:02:50.067;;B;Jaguar TCS Racing;JAGUAR;;false;
37;1;2;1:22.996;0;;26.592;0;31.828;0;24.576;0;114.1;5:43.435;10:02:43.435;0:26.592;0:31.828;0:24.576;;Nick CASSIDY;;;B;Jaguar TCS Racing;JAGUAR;;false;
37;1;3;1:20.748;0;;25.545;0;30.928;0;24.275;0;117.3;7:04.183;10:04:04.183;0:25.545;0:30.928;0:24.275;;Nick CASSIDY;;;B;Jaguar TCS Racing;JAGUAR;;false;
37;1;4;1:20.644;2;;24.998;0;30.615;0;25.031;0;117.4;8:24.827;10:05:24.827;0:24.998;0:30.615;0:25.031;;Nick CASSIDY;;;B;Jaguar TCS Racing;JAGUAR;;false;
37;1;5;1:13.471;0;;22.812;0;28.513;2;22.146;2;128.9;9:38.298;10:06:38.298;0:22.812;0:28.513;0:22.146;;Nick CASSIDY;;;B;Jaguar TCS Racing;JAGUAR;;false;
37;1;6;1:37.456;0;;30.416;0;41.034;0;26.006;0;97.2;11:15.754;10:08:15.754;0:30.416;0:41.034;0:26.006;;Nick CASSIDY;;;B;Jaguar TCS Racing;JAGUAR;;false;
37;1;7;1:50.893;0;B;22.759;2;36.193;0;51.941;0;85.4;13:06.647;10:10:06.647;0:22.759;0:36.193;0:51.941;;Nick CASSIDY;;;B;Jaguar TCS Racing;JAGUAR;;false;
4;1;1;2:02.508;0;;57.981;0;38.057;0;26.470;0;73.8;2:02.508;09:59:02.508;0:57.981;0:38.057;0:26.470;;Robin FRIJNS;0:00:31.614;;B;Envision Racing;JAGUAR;;false;
4;1;2;1:23.828;0;;27.156;0;32.052;0;24.620;0;112.9;3:26.336;10:00:26.336;0:27.156;0:32.052;0:24.620;;Robin FRIJNS;;;B;Envision Racing;JAGUAR;;false;
4;1;3;1:20.488;2;;26.036;0;31.441;0;23.011;0;117.6;4:46.824;10:01:46.824;0:26.036;0:31.441;0:23.011;;Robin FRIJNS;;;B;Envision Racing;JAGUAR;;false;
4;1;4;1:14.136;0;;23.139;0;28.493;0;22.504;0;127.7;6:00.960;10:03:00.960;0:23.139;0:28.493;0:22.504;;Robin FRIJNS;;;B;Envision Racing;JAGUAR;;false;
4;1;5;1:35.419;0;;30.604;0;39.918;0;24.897;0;99.2;7:36.379;10:04:36.379;0:30.604;0:39.918;0:24.897;;Robin FRIJNS;;;B;Envision Racing;JAGUAR;;false;
4;1;6;1:14.210;0;;23.114;0;28.425;2;22.671;0;127.6;8:50.589;10:05:50.589;0:23.114;0:28.425;0:22.671;;Robin FRIJNS;;;B;Envision Racing;JAGUAR;;false;
4;1;7;1:34.042;0;;30.503;0;36.295;0;27.244;0;100.7;10:24.631;10:07:24.631;0:30.503;0:36.295;0:27.244;;Robin FRIJNS;;;B;Envision Racing;JAGUAR;;false;
4;1;8;1:29.823;0;;27.742;0;34.227;0;27.854;0;105.4;11:54.454;10:08:54.454;0:27.742;0:34.227;0:27.854;;Robin FRIJNS;;;B;Envision Racing;JAGUAR;;false;
4;1;9;1:13.664;0;;22.837;2;28.499;0;22.328;2;128.5;13:08.118;10:10:08.118;0:22.837;0:28.499;0:22.328;;Robin FRIJNS;;;B;Envision Racing;JAGUAR;;false;
55;1;1;1:49.442;0;;47.051;0;35.888;0;26.503;0;82.6;1:49.442;09:58:49.442;0:47.051;0:35.888;0:26.503;;Jake HUGHES;0:00:17.666;;B;Maserati MSG Racing;STELLANTIS;;false;
55;1;2;1:23.556;0;;26.818;0;31.645;0;25.093;0;113.3;3:12.998;10:00:12.998;0:26.818;0:31.645;0:25.093;;Jake HUGHES;;;B;Maserati MSG Racing;STELLANTIS;;false;
55;1;3;1:22.868;0;;26.913;0;31.916;0;24.039;0;114.3;4:35.866;10:01:35.866;0:26.913;0:31.916;0:24.039;;Jake HUGHES;;;B;Maserati MSG Racing;STELLANTIS;;false;
55;1;4;1:27.640;0;;25.665;0;33.752;0;28.223;0;108.0;6:03.506;10:03:03.506;0:25.665;0:33.752;0:28.223;;Jake HUGHES;;;B;Maserati MSG Racing;STELLANTIS;;false;
55;1;5;1:14.907;0;;23.052;0;28.921;0;22.934;0;126.4;7:18.413;10:04:18.413;0:23.052;0:28.921;0:22.934;;Jake HUGHES;;;B;Maserati MSG Racing;STELLANTIS;;false;
55;1;6;1:31.864;0;;26.568;0;35.547;0;29.749;0;103.1;8:50.277;10:05:50.277;0:26.568;0:35.547;0:29.749;;Jake HUGHES;;;B;Maserati MSG Racing;STELLANTIS;;false;
55;1;7;1:14.217;0;;23.009;2;28.691;0;22.517;0;127.6;10:04.494;10:07:04.494;0:23.009;0:28.691;0:22.517;;Jake HUGHES;;;B;Maserati MSG Racing;STELLANTIS;;false;
55;1;8;1:46.146;0;;33.848;0;41.247;0;31.051;0;89.2;11:50.640;10:08:50.640;0:33.848;0:41.247;0:31.051;;Jake HUGHES;;;B;Maserati MSG Racing;STELLANTIS;;false;
55;1;9;1:14.134;2;;23.196;0;28.528;2;22.410;2;127.7;13:04.774;10:10:04.774;0:23.196;0:28.528;0:22.410;;Jake HUGHES;;;B;Maserati MSG Racing;STELLANTIS;;false;
7;1;1;1:36.973;0;;35.555;0;34.897;0;26.521;0;93.3;1:36.973;09:58:36.973;0:35.555;0:34.897;0:26.521;;Maximilian GÜNTHER;0:00:08.992;;B;DS PENSKE;STELLANTIS;;false;
7;1;2;1:26.897;0;;27.186;0;33.406;0;26.305;0;109.0;3:03.870;10:00:03.870;0:27.186;0:33.406;0:26.305;;Maximilian GÜNTHER;;;B;DS PENSKE;STELLANTIS;;false;
7;1;3;1:24.160;0;;26.276;0;32.128;0;25.756;0;112.5;4:28.030;10:01:28.030;0:26.276;0:32.128;0:25.756;;Maximilian GÜNTHER;;;B;DS PENSKE;STELLANTIS;;false;
7;1;4;1:24.157;0;;25.586;0;31.898;0;26.673;0;112.5;5:52.187;10:02:52.187;0:25.586;0:31.898;0:26.673;;Maximilian GÜNTHER;;;B;DS PENSKE;STELLANTIS;;false;
7;1;5;1:14.376;0;;23.586;0;28.632;0;22.158;0;127.3;7:06.563;10:04:06.563;0:23.586;0:28.632;0:22.158;;Maximilian GÜNTHER;;;B;DS PENSKE;STELLANTIS;;false;
7;1;6;1:36.475;0;;28.561;0;39.718;0;28.196;0;98.1;8:43.038;10:05:43.038;0:28.561;0:39.718;0:28.196;;Maximilian GÜNTHER;;;B;DS PENSKE;STELLANTIS;;false;
7;1;7;1:27.380;0;;22.959;2;37.411;0;27.010;0;108.4;10:10.418;10:07:10.418;0:22.959;0:37.411;0:27.010;;Maximilian GÜNTHER;;;B;DS PENSKE;STELLANTIS;;false;
7;1;8;1:27.620;0;;23.087;0;35.331;0;29.202;0;108.1;11:38.038;10:08:38.038;0:23.087;0:35.331;0:29.202;;Maximilian GÜNTHER;;;B;DS PENSKE;STELLANTIS;;false;
7;1;9;1:13.352;3;;23.046;0;28.289;2;22.017;2;129.1;12:51.390;10:09:51.390;0:23.046;0:28.289;0:22.017;;Maximilian GÜNTHER;;;B;DS PENSKE;STELLANTIS;;false;
8;1;1;1:52.018;0;;48.176;0;35.981;0;27.861;0;80.7;1:52.018;09:58:52.018;0:48.176;0:35.981;0:27.861;;Sam BIRD;0:00:20.313;;B;NEOM McLaren Formula E Team;NISSAN;;false;
8;1;2;1:30.422;0;;26.371;0;36.180;0;27.871;0;104.7;3:22.440;10:00:22.440;0:26.371;0:36.180;0:27.871;;Sam BIRD;;;B;NEOM McLaren Formula E Team;NISSAN;;false;
8;1;3;1:15.180;0;;23.676;0;29.164;0;22.340;0;125.9;4:37.620;10:01:37.620;0:23.676;0:29.164;0:22.340;;Sam BIRD;;;B;NEOM McLaren Formula E Team;NISSAN;;false;
8;1;4;1:40.914;0;;30.794;0;40.715;0;29.405;0;93.8;6:18.534;10:03:18.534;0:30.794;0:40.715;0:29.405;;Sam BIRD;;;B;NEOM McLaren Formula E Team;NISSAN;;false;
8;1;5;1:14.148;0;;23.117;0;28.678;0;22.353;0;127.7;7:32.682;10:04:32.682;0:23.117;0:28.678;0:22.353;;Sam BIRD;;;B;NEOM McLaren Formula E Team;NISSAN;;false;
8;1;6;1:38.613;0;;32.447;0;37.329;0;28.837;0;96.0;9:11.295;10:06:11.295;0:32.447;0:37.329;0:28.837;;Sam BIRD;;;B;NEOM McLaren Formula E Team;NISSAN;;false;
8;1;7;1:28.533;0;;29.077;0;34.509;0;24.947;0;106.9;10:39.828;10:07:39.828;0:29.077;0:34.509;0:24.947;;Sam BIRD;;;B;NEOM McLaren Formula E Team;NISSAN;;false;
8;1;8;1:13.733;2;;22.761;2;28.647;2;22.325;2;128.4;11:53.561;10:08:53.561;0:22.761;0:28.647;0:22.325;;Sam BIRD;;;B;NEOM McLaren Formula E Team;NISSAN;;false;
8;1;9;1:49.350;0;B;31.250;0;36.209;0;41.891;0;86.6;13:42.911;10:10:42.911;0:31.250;0:36.209;0:41.891;;Sam BIRD;;;B;NEOM McLaren Formula E Team;NISSAN;;false;
