﻿NUMBER; DRIVER_NUMBER; LAP_NUMBER; LAP_TIME; LAP_IMPROVEMENT; CROSSING_FINISH_LINE_IN_PIT; S1; S1_IMPROVEMENT; S2; S2_IMPROVEMENT; S3; S3_IMPROVEMENT; KPH; ELAPSED; HOUR;S1_LARGE;S2_LARGE;S3_LARGE;TOP_SPEED;DRIVER_NAME;PIT_TIME;CLASS;GROUP;TEAM;MANUFACTURER;POWER;FANBOOST;
1;1;1;1:44.794;0;;40.366;0;36.713;0;27.715;0;86.3;1:44.794;09:41:44.794;0:40.366;0:36.713;0:27.715;;Pascal WEHRLEIN;0:00:13.023;;A;TAG Heuer Porsche Formula E Team;PORSCHE;;false;
1;1;2;1:29.268;0;;27.603;0;34.524;0;27.141;0;106.1;3:14.062;09:43:14.062;0:27.603;0:34.524;0:27.141;;Pascal WEHRLEIN;;;A;TAG Heuer Porsche Formula E Team;PORSCHE;;false;
1;1;3;1:24.833;0;;26.019;0;33.201;0;25.613;0;111.6;4:38.895;09:44:38.895;0:26.019;0:33.201;0:25.613;;Pascal WEHRLEIN;;;A;TAG Heuer Porsche Formula E Team;PORSCHE;;false;
1;1;4;1:27.753;0;;26.686;0;33.757;0;27.310;0;107.9;6:06.648;09:46:06.648;0:26.686;0:33.757;0:27.310;;Pascal WEHRLEIN;;;A;TAG Heuer Porsche Formula E Team;PORSCHE;;false;
1;1;5;1:16.553;0;;23.775;0;29.501;0;23.277;0;123.7;7:23.201;09:47:23.201;0:23.775;0:29.501;0:23.277;;Pascal WEHRLEIN;;;A;TAG Heuer Porsche Formula E Team;PORSCHE;;false;
1;1;6;1:31.614;0;;28.044;0;34.222;0;29.348;0;103.3;8:54.815;09:48:54.815;0:28.044;0:34.222;0:29.348;;Pascal WEHRLEIN;;;A;TAG Heuer Porsche Formula E Team;PORSCHE;;false;
1;1;7;1:15.094;0;;23.059;0;29.203;0;22.832;0;126.1;10:09.909;09:50:09.909;0:23.059;0:29.203;0:22.832;;Pascal WEHRLEIN;;;A;TAG Heuer Porsche Formula E Team;PORSCHE;;false;
1;1;8;1:37.479;0;;27.350;0;38.502;0;31.627;0;97.1;11:47.388;09:51:47.388;0:27.350;0:38.502;0:31.627;;Pascal WEHRLEIN;;;A;TAG Heuer Porsche Formula E Team;PORSCHE;;false;
1;1;9;1:14.610;3;;22.981;3;29.108;2;22.521;3;126.9;13:01.998;09:53:01.998;0:22.981;0:29.108;0:22.521;;Pascal WEHRLEIN;;;A;TAG Heuer Porsche Formula E Team;PORSCHE;;false;
11;1;1;1:47.102;0;;43.840;0;36.371;0;26.891;0;84.4;1:47.102;09:41:47.102;0:43.840;0:36.371;0:26.891;;Lucas DI GRASSI;0:00:17.067;;A;LOLA YAMAHA ABT Formula E Team;LOLA;;false;
11;1;2;1:28.370;0;;28.485;0;34.819;0;25.066;0;107.1;3:15.472;09:43:15.472;0:28.485;0:34.819;0:25.066;;Lucas DI GRASSI;;;A;LOLA YAMAHA ABT Formula E Team;LOLA;;false;
11;1;3;1:24.756;0;;25.926;0;32.886;0;25.944;0;111.7;4:40.228;09:44:40.228;0:25.926;0:32.886;0:25.944;;Lucas DI GRASSI;;;A;LOLA YAMAHA ABT Formula E Team;LOLA;;false;
11;1;4;1:19.916;0;;24.370;0;30.695;0;24.851;0;118.5;6:00.144;09:46:00.144;0:24.370;0:30.695;0:24.851;;Lucas DI GRASSI;;;A;LOLA YAMAHA ABT Formula E Team;LOLA;;false;
11;1;5;1:20.074;0;;24.598;0;30.585;0;24.891;0;118.2;7:20.218;09:47:20.218;0:24.598;0:30.585;0:24.891;;Lucas DI GRASSI;;;A;LOLA YAMAHA ABT Formula E Team;LOLA;;false;
11;1;6;1:40.498;0;;31.579;0;39.606;0;29.313;0;94.2;9:00.716;09:49:00.716;0:31.579;0:39.606;0:29.313;;Lucas DI GRASSI;;;A;LOLA YAMAHA ABT Formula E Team;LOLA;;false;
11;1;7;1:18.459;0;;24.212;0;30.297;0;23.950;0;120.7;10:19.175;09:50:19.175;0:24.212;0:30.297;0:23.950;;Lucas DI GRASSI;;;A;LOLA YAMAHA ABT Formula E Team;LOLA;;false;
11;1;8;1:35.643;0;;29.981;0;36.570;0;29.092;0;99.0;11:54.818;09:51:54.818;0:29.981;0:36.570;0:29.092;;Lucas DI GRASSI;;;A;LOLA YAMAHA ABT Formula E Team;LOLA;;false;
11;1;9;1:18.051;2;;24.031;2;30.219;2;23.801;2;121.3;13:12.869;09:53:12.869;0:24.031;0:30.219;0:23.801;;Lucas DI GRASSI;;;A;LOLA YAMAHA ABT Formula E Team;LOLA;;false;
16;1;1;1:54.242;0;;50.318;0;35.703;0;28.221;0;79.2;1:54.242;09:41:54.242;0:50.318;0:35.703;0:28.221;;Sébastien BUEMI;0:00:23.224;;A;Envision Racing;JAGUAR;;false;
16;1;2;1:22.854;2;;25.597;0;32.135;0;25.122;0;114.3;3:17.096;09:43:17.096;0:25.597;0:32.135;0:25.122;;Sébastien BUEMI;;;A;Envision Racing;JAGUAR;;false;
16;1;3;1:32.514;0;B;26.270;0;32.624;0;33.620;0;102.3;4:49.610;09:44:49.610;0:26.270;0:32.624;0:33.620;;Sébastien BUEMI;;;A;Envision Racing;JAGUAR;;false;
16;1;4;4:01.941;0;;3:06.201;0;31.050;0;24.690;0;39.1;8:51.551;09:48:51.551;3:06.201;0:31.050;0:24.690;;Sébastien BUEMI;0:02:48.318;;A;Envision Racing;JAGUAR;;false;
16;1;5;1:15.769;0;;23.533;0;29.206;0;23.030;0;125.0;10:07.320;09:50:07.320;0:23.533;0:29.206;0:23.030;;Sébastien BUEMI;;;A;Envision Racing;JAGUAR;;false;
16;1;6;1:32.278;0;;27.524;0;35.058;0;29.696;0;102.6;11:39.598;09:51:39.598;0:27.524;0:35.058;0:29.696;;Sébastien BUEMI;;;A;Envision Racing;JAGUAR;;false;
16;1;7;1:14.831;0;;23.329;2;28.833;2;22.669;2;126.5;12:54.429;09:52:54.429;0:23.329;0:28.833;0:22.669;;Sébastien BUEMI;;;A;Envision Racing;JAGUAR;;false;
2;1;1;2:48.971;0;;1:42.358;0;37.763;0;28.850;0;53.5;2:48.971;09:42:48.971;1:42.358;0:37.763;0:28.850;;Stoffel VANDOORNE;0:01:15.017;;A;Maserati MSG Racing;STELLANTIS;;false;
2;1;2;1:28.055;0;;28.611;0;33.199;0;26.245;0;107.5;4:17.026;09:44:17.026;0:28.611;0:33.199;0:26.245;;Stoffel VANDOORNE;;;A;Maserati MSG Racing;STELLANTIS;;false;
2;1;3;1:22.379;0;;26.501;0;31.185;0;24.693;0;114.9;5:39.405;09:45:39.405;0:26.501;0:31.185;0:24.693;;Stoffel VANDOORNE;;;A;Maserati MSG Racing;STELLANTIS;;false;
2;1;4;1:19.241;0;;24.478;0;30.455;0;24.308;0;119.5;6:58.646;09:46:58.646;0:24.478;0:30.455;0:24.308;;Stoffel VANDOORNE;;;A;Maserati MSG Racing;STELLANTIS;;false;
2;1;5;1:17.052;0;;23.574;0;29.743;0;23.735;0;122.9;8:15.698;09:48:15.698;0:23.574;0:29.743;0:23.735;;Stoffel VANDOORNE;;;A;Maserati MSG Racing;STELLANTIS;;false;
2;1;6;1:24.696;0;;24.258;0;33.072;0;27.366;0;111.8;9:40.394;09:49:40.394;0:24.258;0:33.072;0:27.366;;Stoffel VANDOORNE;;;A;Maserati MSG Racing;STELLANTIS;;false;
2;1;7;1:29.332;0;;27.848;0;34.292;0;27.192;0;106.0;11:09.726;09:51:09.726;0:27.848;0:34.292;0:27.192;;Stoffel VANDOORNE;;;A;Maserati MSG Racing;STELLANTIS;;false;
2;1;8;1:16.240;2;;23.504;2;29.514;2;23.222;2;124.2;12:25.966;09:52:25.966;0:23.504;0:29.514;0:23.222;;Stoffel VANDOORNE;;;A;Maserati MSG Racing;STELLANTIS;;false;
22;1;1;1:46.547;0;;42.828;0;36.062;0;27.657;0;84.9;1:46.547;09:41:46.547;0:42.828;0:36.062;0:27.657;;Zane MALONEY;0:00:15.900;;A;LOLA YAMAHA ABT Formula E Team;LOLA;;false;
22;1;2;1:29.384;0;;28.426;0;34.260;0;26.698;0;105.9;3:15.931;09:43:15.931;0:28.426;0:34.260;0:26.698;;Zane MALONEY;;;A;LOLA YAMAHA ABT Formula E Team;LOLA;;false;
22;1;3;1:26.939;0;;26.224;0;33.080;0;27.635;0;108.9;4:42.870;09:44:42.870;0:26.224;0:33.080;0:27.635;;Zane MALONEY;;;A;LOLA YAMAHA ABT Formula E Team;LOLA;;false;
22;1;4;1:20.206;0;;25.014;0;31.252;0;23.940;0;118.0;6:03.076;09:46:03.076;0:25.014;0:31.252;0:23.940;;Zane MALONEY;;;A;LOLA YAMAHA ABT Formula E Team;LOLA;;false;
22;1;5;1:17.242;0;;24.024;0;29.536;0;23.682;0;122.6;7:20.318;09:47:20.318;0:24.024;0:29.536;0:23.682;;Zane MALONEY;;;A;LOLA YAMAHA ABT Formula E Team;LOLA;;false;
22;1;6;1:27.156;0;;27.023;0;35.464;0;24.669;0;108.6;8:47.474;09:48:47.474;0:27.023;0:35.464;0:24.669;;Zane MALONEY;;;A;LOLA YAMAHA ABT Formula E Team;LOLA;;false;
22;1;7;1:16.195;0;;23.499;0;29.323;0;23.373;0;124.3;10:03.669;09:50:03.669;0:23.499;0:29.323;0:23.373;;Zane MALONEY;;;A;LOLA YAMAHA ABT Formula E Team;LOLA;;false;
22;1;8;1:38.220;0;;27.615;0;40.153;0;30.452;0;96.4;11:41.889;09:51:41.889;0:27.615;0:40.153;0:30.452;;Zane MALONEY;;;A;LOLA YAMAHA ABT Formula E Team;LOLA;;false;
22;1;9;1:15.436;2;;23.358;2;28.917;2;23.161;2;125.5;12:57.325;09:52:57.325;0:23.358;0:28.917;0:23.161;;Zane MALONEY;;;A;LOLA YAMAHA ABT Formula E Team;LOLA;;false;
23;1;1;1:37.607;0;;36.619;0;35.133;0;25.855;0;92.6;1:37.607;09:41:37.607;0:36.619;0:35.133;0:25.855;;Oliver ROWLAND;0:00:10.705;;A;Nissan Formula E Team;NISSAN;;false;
23;1;2;1:32.814;0;;29.047;0;37.251;0;26.516;0;102.0;3:10.421;09:43:10.421;0:29.047;0:37.251;0:26.516;;Oliver ROWLAND;;;A;Nissan Formula E Team;NISSAN;;false;
23;1;3;1:25.247;0;;27.586;0;32.709;0;24.952;0;111.1;4:35.668;09:44:35.668;0:27.586;0:32.709;0:24.952;;Oliver ROWLAND;;;A;Nissan Formula E Team;NISSAN;;false;
23;1;4;1:22.299;0;;24.384;0;32.142;0;25.773;0;115.0;5:57.967;09:45:57.967;0:24.384;0:32.142;0:25.773;;Oliver ROWLAND;;;A;Nissan Formula E Team;NISSAN;;false;
23;1;5;1:24.816;0;;25.640;0;35.408;0;23.768;0;111.6;7:22.783;09:47:22.783;0:25.640;0:35.408;0:23.768;;Oliver ROWLAND;;;A;Nissan Formula E Team;NISSAN;;false;
23;1;6;1:15.702;0;;23.659;0;29.107;0;22.936;0;125.1;8:38.485;09:48:38.485;0:23.659;0:29.107;0:22.936;;Oliver ROWLAND;;;A;Nissan Formula E Team;NISSAN;;false;
23;1;7;1:30.740;0;;28.521;0;34.526;0;27.693;0;104.3;10:09.225;09:50:09.225;0:28.521;0:34.526;0:27.693;;Oliver ROWLAND;;;A;Nissan Formula E Team;NISSAN;;false;
23;1;8;1:34.357;0;;28.434;0;37.560;0;28.363;0;100.3;11:43.582;09:51:43.582;0:28.434;0:37.560;0:28.363;;Oliver ROWLAND;;;A;Nissan Formula E Team;NISSAN;;false;
23;1;9;1:14.657;2;;23.092;2;28.641;3;22.924;2;126.8;12:58.239;09:52:58.239;0:23.092;0:28.641;0:22.924;;Oliver ROWLAND;;;A;Nissan Formula E Team;NISSAN;;false;
3;1;1;1:50.192;0;;46.609;0;36.366;0;27.217;0;82.1;1:50.192;09:41:50.192;0:46.609;0:36.366;0:27.217;;David BECKMANN;0:00:19.470;;A;Cupra Kiro;PORSCHE;;false;
3;1;2;1:27.992;0;;28.567;0;32.997;0;26.428;0;107.6;3:18.184;09:43:18.184;0:28.567;0:32.997;0:26.428;;David BECKMANN;;;A;Cupra Kiro;PORSCHE;;false;
3;1;3;1:26.229;0;;27.155;0;31.929;0;27.145;0;109.8;4:44.413;09:44:44.413;0:27.155;0:31.929;0:27.145;;David BECKMANN;;;A;Cupra Kiro;PORSCHE;;false;
3;1;4;1:23.050;0;;25.287;0;31.223;0;26.540;0;114.0;6:07.463;09:46:07.463;0:25.287;0:31.223;0:26.540;;David BECKMANN;;;A;Cupra Kiro;PORSCHE;;false;
3;1;5;1:17.331;0;;24.050;0;29.838;0;23.443;0;122.4;7:24.794;09:47:24.794;0:24.050;0:29.838;0:23.443;;David BECKMANN;;;A;Cupra Kiro;PORSCHE;;false;
3;1;6;1:16.697;0;;23.803;2;29.623;0;23.271;0;123.4;8:41.491;09:48:41.491;0:23.803;0:29.623;0:23.271;;David BECKMANN;;;A;Cupra Kiro;PORSCHE;;false;
3;1;7;1:35.737;0;;31.597;0;40.131;0;24.009;0;98.9;10:17.228;09:50:17.228;0:31.597;0:40.131;0:24.009;;David BECKMANN;;;A;Cupra Kiro;PORSCHE;;false;
3;1;8;1:35.044;0;;33.373;0;32.924;0;28.747;0;99.6;11:52.272;09:51:52.272;0:33.373;0:32.924;0:28.747;;David BECKMANN;;;A;Cupra Kiro;PORSCHE;;false;
3;1;9;1:16.040;2;;23.913;0;29.347;2;22.780;2;124.5;13:08.312;09:53:08.312;0:23.913;0:29.347;0:22.780;;David BECKMANN;;;A;Cupra Kiro;PORSCHE;;false;
48;1;1;2:12.181;0;;1:08.829;0;36.008;0;27.344;0;68.4;2:12.181;09:42:12.181;1:08.829;0:36.008;0:27.344;;Edoardo MORTARA;0:00:41.881;;A;MAHINDRA RACING;MAHINDRA RACING;;false;
48;1;2;1:25.510;0;;27.014;0;32.949;0;25.547;0;110.7;3:37.691;09:43:37.691;0:27.014;0:32.949;0:25.547;;Edoardo MORTARA;;;A;MAHINDRA RACING;MAHINDRA RACING;;false;
48;1;3;1:22.695;0;;25.804;0;31.897;0;24.994;0;114.5;5:00.386;09:45:00.386;0:25.804;0:31.897;0:24.994;;Edoardo MORTARA;;;A;MAHINDRA RACING;MAHINDRA RACING;;false;
48;1;4;1:17.966;0;;23.802;0;30.144;0;24.020;0;121.4;6:18.352;09:46:18.352;0:23.802;0:30.144;0:24.020;;Edoardo MORTARA;;;A;MAHINDRA RACING;MAHINDRA RACING;;false;
48;1;5;1:26.157;0;;27.444;0;32.932;0;25.781;0;109.9;7:44.509;09:47:44.509;0:27.444;0:32.932;0:25.781;;Edoardo MORTARA;;;A;MAHINDRA RACING;MAHINDRA RACING;;false;
48;1;6;1:16.375;0;;23.580;0;29.440;0;23.355;0;124.0;9:00.884;09:49:00.884;0:23.580;0:29.440;0:23.355;;Edoardo MORTARA;;;A;MAHINDRA RACING;MAHINDRA RACING;;false;
48;1;7;1:41.626;0;;32.701;0;41.725;0;27.200;0;93.2;10:42.510;09:50:42.510;0:32.701;0:41.725;0:27.200;;Edoardo MORTARA;;;A;MAHINDRA RACING;MAHINDRA RACING;;false;
48;1;8;1:15.115;2;;23.261;0;29.069;2;22.785;2;126.0;11:57.625;09:51:57.625;0:23.261;0:29.069;0:22.785;;Edoardo MORTARA;;;A;MAHINDRA RACING;MAHINDRA RACING;;false;
48;1;9;1:15.364;0;;23.212;2;29.211;0;22.941;0;125.6;13:12.989;09:53:12.989;0:23.212;0:29.211;0:22.941;;Edoardo MORTARA;;;A;MAHINDRA RACING;MAHINDRA RACING;;false;
5;1;1;1:45.945;0;;41.304;0;36.557;0;28.084;0;85.4;1:45.945;09:41:45.945;0:41.304;0:36.557;0:28.084;;Taylor BARNARD;0:00:13.977;;A;NEOM McLaren Formula E Team;NISSAN;;false;
5;1;2;1:29.333;0;;28.074;0;34.043;0;27.216;0;106.0;3:15.278;09:43:15.278;0:28.074;0:34.043;0:27.216;;Taylor BARNARD;;;A;NEOM McLaren Formula E Team;NISSAN;;false;
5;1;3;1:33.195;0;;29.102;0;38.248;0;25.845;0;101.6;4:48.473;09:44:48.473;0:29.102;0:38.248;0:25.845;;Taylor BARNARD;;;A;NEOM McLaren Formula E Team;NISSAN;;false;
5;1;4;1:19.888;0;;24.412;0;30.834;0;24.642;0;118.5;6:08.361;09:46:08.361;0:24.412;0:30.834;0:24.642;;Taylor BARNARD;;;A;NEOM McLaren Formula E Team;NISSAN;;false;
5;1;5;1:44.451;0;;31.302;0;44.813;0;28.336;0;90.6;7:52.812;09:47:52.812;0:31.302;0:44.813;0:28.336;;Taylor BARNARD;;;A;NEOM McLaren Formula E Team;NISSAN;;false;
5;1;6;1:19.191;2;;23.946;2;30.722;2;24.523;0;119.6;9:12.003;09:49:12.003;0:23.946;0:30.722;0:24.523;;Taylor BARNARD;;;A;NEOM McLaren Formula E Team;NISSAN;;false;
5;1;7;2:04.410;0;;35.741;0;51.606;0;37.063;0;76.1;11:16.413;09:51:16.413;0:35.741;0:51.606;0:37.063;;Taylor BARNARD;;;A;NEOM McLaren Formula E Team;NISSAN;;false;
5;1;8;1:19.623;0;;24.113;0;31.346;0;24.164;2;118.9;12:36.036;09:52:36.036;0:24.113;0:31.346;0:24.164;;Taylor BARNARD;;;A;NEOM McLaren Formula E Team;NISSAN;;false;
51;1;1;1:42.493;0;;38.269;0;37.018;0;27.206;0;88.2;1:42.493;09:41:42.493;0:38.269;0:37.018;0:27.206;;Nico MÜLLER;0:00:12.001;;A;Andretti Formula E;PORSCHE;;false;
51;1;2;1:31.275;0;;27.730;0;35.905;0;27.640;0;103.7;3:13.768;09:43:13.768;0:27.730;0:35.905;0:27.640;;Nico MÜLLER;;;A;Andretti Formula E;PORSCHE;;false;
51;1;3;1:28.423;0;;27.198;0;33.816;0;27.409;0;107.1;4:42.191;09:44:42.191;0:27.198;0:33.816;0:27.409;;Nico MÜLLER;;;A;Andretti Formula E;PORSCHE;;false;
51;1;4;1:30.058;0;;28.571;0;32.019;0;29.468;0;105.1;6:12.249;09:46:12.249;0:28.571;0:32.019;0:29.468;;Nico MÜLLER;;;A;Andretti Formula E;PORSCHE;;false;
51;1;5;1:16.631;0;;23.789;0;29.635;0;23.207;2;123.6;7:28.880;09:47:28.880;0:23.789;0:29.635;0:23.207;;Nico MÜLLER;;;A;Andretti Formula E;PORSCHE;;false;
51;1;6;1:29.368;0;;23.344;2;36.253;0;29.771;0;105.9;8:58.248;09:48:58.248;0:23.344;0:36.253;0:29.771;;Nico MÜLLER;;;A;Andretti Formula E;PORSCHE;;false;
51;1;7;1:15.605;2;;23.449;0;28.949;2;23.207;0;125.2;10:13.853;09:50:13.853;0:23.449;0:28.949;0:23.207;;Nico MÜLLER;;;A;Andretti Formula E;PORSCHE;;false;
51;1;8;1:36.703;0;;28.546;0;37.529;0;30.628;0;97.9;11:50.556;09:51:50.556;0:28.546;0:37.529;0:30.628;;Nico MÜLLER;;;A;Andretti Formula E;PORSCHE;;false;
51;1;9;1:29.341;0;B;26.175;0;29.151;0;34.015;0;106.0;13:19.897;09:53:19.897;0:26.175;0:29.151;0:34.015;;Nico MÜLLER;;;A;Andretti Formula E;PORSCHE;;false;
9;1;1;1:55.740;0;;48.564;0;38.159;0;29.017;0;78.1;1:55.740;09:41:55.740;0:48.564;0:38.159;0:29.017;;Mitch EVANS;0:00:20.376;;A;Jaguar TCS Racing;JAGUAR;;false;
9;1;2;1:29.250;0;;28.169;0;34.311;0;26.770;0;106.1;3:24.990;09:43:24.990;0:28.169;0:34.311;0:26.770;;Mitch EVANS;;;A;Jaguar TCS Racing;JAGUAR;;false;
9;1;3;1:27.178;0;;27.295;0;34.377;0;25.506;0;108.6;4:52.168;09:44:52.168;0:27.295;0:34.377;0:25.506;;Mitch EVANS;;;A;Jaguar TCS Racing;JAGUAR;;false;
9;1;4;1:24.424;0;;25.693;0;32.090;0;26.641;0;112.1;6:16.592;09:46:16.592;0:25.693;0:32.090;0:26.641;;Mitch EVANS;;;A;Jaguar TCS Racing;JAGUAR;;false;
9;1;5;1:16.368;0;;23.920;0;29.167;0;23.281;0;124.0;7:32.960;09:47:32.960;0:23.920;0:29.167;0:23.281;;Mitch EVANS;;;A;Jaguar TCS Racing;JAGUAR;;false;
9;1;6;1:31.613;0;;27.412;0;35.293;0;28.908;0;103.3;9:04.573;09:49:04.573;0:27.412;0:35.293;0:28.908;;Mitch EVANS;;;A;Jaguar TCS Racing;JAGUAR;;false;
9;1;7;1:24.584;0;;27.200;0;31.837;0;25.547;0;111.9;10:29.157;09:50:29.157;0:27.200;0:31.837;0:25.547;;Mitch EVANS;;;A;Jaguar TCS Racing;JAGUAR;;false;
9;1;8;1:14.892;0;;23.241;0;28.838;2;22.813;0;126.4;11:44.049;09:51:44.049;0:23.241;0:28.838;0:22.813;;Mitch EVANS;;;A;Jaguar TCS Racing;JAGUAR;;false;
9;1;9;1:14.891;2;;23.229;2;28.934;0;22.728;2;126.4;12:58.940;09:52:58.940;0:23.229;0:28.934;0:22.728;;Mitch EVANS;;;A;Jaguar TCS Racing;JAGUAR;;false;
