﻿NUMBER; DRIVER_NUMBER; LAP_NUMBER; LAP_TIME; LAP_IMPROVEMENT; CROSSING_FINISH_LINE_IN_PIT; S1; S1_IMPROVEMENT; S2; S2_IMPROVEMENT; S3; S3_IMPROVEMENT; KPH; ELAPSED; HOUR;S1_LARGE;S2_LARGE;S3_LARGE;TOP_SPEED;DRIVER_NAME;PIT_TIME;CLASS;GROUP;TEAM;MANUFACTURER;POWER;FANBOOST;
1;1;1;1:54.360;0;;56.520;0;30.181;0;27.659;0;62.0;1:54.360;12:21:54.360;0:56.520;0:30.181;0:27.659;;Jake DENNIS;0:00:33.331;;A;Andretti Formula E;Porsche;;false;
1;1;2;1:11.571;0;;25.153;0;24.288;0;22.130;0;104.6;3:05.931;12:23:05.931;0:25.153;0:24.288;0:22.130;;Jake DENNIS;;;A;Andretti Formula E;Porsche;;false;
1;1;3;1:24.519;0;B;25.141;0;30.735;0;28.643;0;88.6;4:30.450;12:24:30.450;0:25.141;0:30.735;0:28.643;;Jake DENNIS;;;A;Andretti Formula E;Porsche;;false;
1;1;4;4:01.650;0;;3:08.476;0;27.780;0;25.394;0;31.0;8:32.100;12:28:32.100;3:08.476;0:27.780;0:25.394;;Jake DENNIS;0:02:48.880;;A;Andretti Formula E;Porsche;;false;
1;1;5;1:11.302;0;;25.125;0;24.090;0;22.087;0;105.0;9:43.402;12:29:43.402;0:25.125;0:24.090;0:22.087;;Jake DENNIS;;;A;Andretti Formula E;Porsche;;false;
1;1;6;1:31.119;0;;31.325;0;30.639;0;29.155;0;82.2;11:14.521;12:31:14.521;0:31.325;0:30.639;0:29.155;;Jake DENNIS;;;A;Andretti Formula E;Porsche;;false;
1;1;7;1:11.009;2;;24.968;2;24.050;2;21.991;2;105.5;12:25.530;12:32:25.530;0:24.968;0:24.050;0:21.991;;Jake DENNIS;;;A;Andretti Formula E;Porsche;;false;
16;1;1;1:23.225;0;;29.264;0;27.863;0;26.098;0;85.2;1:23.225;12:21:23.225;0:29.264;0:27.863;0:26.098;;Sébastien BUEMI;0:00:07.557;;A;Envision Racing;Jaguar;;false;
16;1;2;1:11.483;0;;25.239;0;24.246;0;21.998;0;104.8;2:34.708;12:22:34.708;0:25.239;0:24.246;0:21.998;;Sébastien BUEMI;;;A;Envision Racing;Jaguar;;false;
16;1;3;1:15.058;0;B;25.183;0;24.444;0;25.431;0;99.8;3:49.766;12:23:49.766;0:25.183;0:24.444;0:25.431;;Sébastien BUEMI;;;A;Envision Racing;Jaguar;;false;
16;1;4;2:58.509;0;;2:07.987;0;27.142;0;23.380;0;41.9;6:48.275;12:26:48.275;2:07.987;0:27.142;0:23.380;;Sébastien BUEMI;0:01:47.729;;A;Envision Racing;Jaguar;;false;
16;1;5;1:18.290;0;;26.762;0;25.256;0;26.272;0;95.6;8:06.565;12:28:06.565;0:26.762;0:25.256;0:26.272;;Sébastien BUEMI;;;A;Envision Racing;Jaguar;;false;
16;1;6;1:10.800;2;;24.946;2;23.928;2;21.926;2;105.8;9:17.365;12:29:17.365;0:24.946;0:23.928;0:21.926;;Sébastien BUEMI;;;A;Envision Racing;Jaguar;;false;
16;1;7;1:33.763;0;;33.146;0;33.320;0;27.297;0;79.9;10:51.128;12:30:51.128;0:33.146;0:33.320;0:27.297;;Sébastien BUEMI;;;A;Envision Racing;Jaguar;;false;
16;1;8;1:11.016;0;;24.976;0;24.068;0;21.972;0;105.4;12:02.144;12:32:02.144;0:24.976;0:24.068;0:21.972;;Sébastien BUEMI;;;A;Envision Racing;Jaguar;;false;
18;1;1;1:35.594;0;;39.597;0;27.484;0;28.513;0;74.2;1:35.594;12:21:35.594;0:39.597;0:27.484;0:28.513;;Jehan DARUVALA;0:00:17.327;;A;Maserati MSG Racing;STELLANTIS;;false;
18;1;2;1:11.667;0;;25.361;0;24.287;0;22.019;0;104.5;2:47.261;12:22:47.261;0:25.361;0:24.287;0:22.019;;Jehan DARUVALA;;;A;Maserati MSG Racing;STELLANTIS;;false;
18;1;3;1:16.539;0;B;25.299;0;24.089;0;27.151;0;97.8;4:03.800;12:24:03.800;0:25.299;0:24.089;0:27.151;;Jehan DARUVALA;;;A;Maserati MSG Racing;STELLANTIS;;false;
18;1;4;3:28.513;0;;2:38.075;0;26.632;0;23.806;0;35.9;7:32.313;12:27:32.313;2:38.075;0:26.632;0:23.806;;Jehan DARUVALA;0:02:19.260;;A;Maserati MSG Racing;STELLANTIS;;false;
18;1;5;1:15.570;0;;25.745;0;26.329;0;23.496;0;99.1;8:47.883;12:28:47.883;0:25.745;0:26.329;0:23.496;;Jehan DARUVALA;;;A;Maserati MSG Racing;STELLANTIS;;false;
18;1;6;1:15.083;0;;24.941;0;23.858;2;26.284;0;99.7;10:02.966;12:30:02.966;0:24.941;0:23.858;0:26.284;;Jehan DARUVALA;;;A;Maserati MSG Racing;STELLANTIS;;false;
18;1;7;1:34.038;0;;29.913;0;30.837;0;33.288;0;79.6;11:37.004;12:31:37.004;0:29.913;0:30.837;0:33.288;;Jehan DARUVALA;;;A;Maserati MSG Racing;STELLANTIS;;false;
18;1;8;1:10.759;2;;24.931;2;23.888;0;21.940;2;105.8;12:47.763;12:32:47.763;0:24.931;0:23.888;0:21.940;;Jehan DARUVALA;;;A;Maserati MSG Racing;STELLANTIS;;false;
22;1;1;1:38.956;0;;40.693;0;28.099;0;30.164;0;71.7;1:38.956;12:21:38.956;0:40.693;0:28.099;0:30.164;;Oliver ROWLAND;0:00:18.556;;A;Nissan Formula E Team;Nissan;;false;
22;1;2;1:11.364;0;;25.175;0;24.323;0;21.866;2;104.9;2:50.320;12:22:50.320;0:25.175;0:24.323;0:21.866;;Oliver ROWLAND;;;A;Nissan Formula E Team;Nissan;;false;
22;1;3;1:36.042;0;;33.869;0;36.557;0;25.616;0;78.0;4:26.362;12:24:26.362;0:33.869;0:36.557;0:25.616;;Oliver ROWLAND;;;A;Nissan Formula E Team;Nissan;;false;
22;1;4;1:10.682;0;;24.783;2;23.950;2;21.949;0;105.9;5:37.044;12:25:37.044;0:24.783;0:23.950;0:21.949;;Oliver ROWLAND;;;A;Nissan Formula E Team;Nissan;;false;
22;1;5;1:18.307;0;B;26.693;0;26.565;0;25.049;0;95.6;6:55.351;12:26:55.351;0:26.693;0:26.565;0:25.049;;Oliver ROWLAND;;;A;Nissan Formula E Team;Nissan;;false;
22;1;6;3:00.422;0;;2:09.647;0;27.742;0;23.033;0;41.5;9:55.773;12:29:55.773;2:09.647;0:27.742;0:23.033;;Oliver ROWLAND;0:01:47.337;;A;Nissan Formula E Team;Nissan;;false;
22;1;7;1:22.296;0;;26.096;0;26.806;0;29.394;0;91.0;11:18.069;12:31:18.069;0:26.096;0:26.806;0:29.394;;Oliver ROWLAND;;;A;Nissan Formula E Team;Nissan;;false;
22;1;8;1:10.681;2;;24.789;0;23.966;0;21.926;0;105.9;12:28.750;12:32:28.750;0:24.789;0:23.966;0:21.926;;Oliver ROWLAND;;;A;Nissan Formula E Team;Nissan;;false;
23;1;1;1:42.676;0;;41.517;0;28.172;0;32.987;0;69.1;1:42.676;12:21:42.676;0:41.517;0:28.172;0:32.987;;Sacha FENESTRAZ;0:00:20.198;;A;Nissan Formula E Team;Nissan;;false;
23;1;2;1:11.804;0;;25.472;0;24.311;0;22.021;0;104.3;2:54.480;12:22:54.480;0:25.472;0:24.311;0:22.021;;Sacha FENESTRAZ;;;A;Nissan Formula E Team;Nissan;;false;
23;1;3;1:35.885;0;;32.181;0;36.635;0;27.069;0;78.1;4:30.365;12:24:30.365;0:32.181;0:36.635;0:27.069;;Sacha FENESTRAZ;;;A;Nissan Formula E Team;Nissan;;false;
23;1;4;1:11.009;0;;25.076;0;24.074;0;21.859;2;105.5;5:41.374;12:25:41.374;0:25.076;0:24.074;0:21.859;;Sacha FENESTRAZ;;;A;Nissan Formula E Team;Nissan;;false;
23;1;5;1:15.535;0;B;25.932;0;24.245;0;25.358;0;99.1;6:56.909;12:26:56.909;0:25.932;0:24.245;0:25.358;;Sacha FENESTRAZ;;;A;Nissan Formula E Team;Nissan;;false;
23;1;6;3:02.783;0;;2:11.575;0;27.001;0;24.207;0;41.0;9:59.692;12:29:59.692;2:11.575;0:27.001;0:24.207;;Sacha FENESTRAZ;0:01:47.164;;A;Nissan Formula E Team;Nissan;;false;
23;1;7;1:23.384;0;;27.085;0;25.975;0;30.324;0;89.8;11:23.076;12:31:23.076;0:27.085;0:25.975;0:30.324;;Sacha FENESTRAZ;;;A;Nissan Formula E Team;Nissan;;false;
23;1;8;1:10.922;2;;24.918;2;24.006;2;21.998;0;105.6;12:33.998;12:32:33.998;0:24.918;0:24.006;0:21.998;;Sacha FENESTRAZ;;;A;Nissan Formula E Team;Nissan;;false;
33;1;1;1:46.834;0;;47.168;0;26.535;0;33.131;0;66.4;1:46.834;12:21:46.834;0:47.168;0:26.535;0:33.131;;Dan TICKTUM;0:00:25.565;;A;ERT Formula E Team;Electric Racing Technologies;;false;
33;1;2;1:17.660;0;;26.749;0;25.975;0;24.936;0;96.4;3:04.494;12:23:04.494;0:26.749;0:25.975;0:24.936;;Dan TICKTUM;;;A;ERT Formula E Team;Electric Racing Technologies;;false;
33;1;3;1:11.060;0;;24.946;0;24.216;0;21.898;0;105.4;4:15.554;12:24:15.554;0:24.946;0:24.216;0:21.898;;Dan TICKTUM;;;A;ERT Formula E Team;Electric Racing Technologies;;false;
33;1;4;1:22.330;0;B;28.249;0;28.581;0;25.500;0;91.0;5:37.884;12:25:37.884;0:28.249;0:28.581;0:25.500;;Dan TICKTUM;;;A;ERT Formula E Team;Electric Racing Technologies;;false;
33;1;5;3:04.001;0;;2:08.237;0;24.911;0;30.853;0;40.7;8:41.885;12:28:41.885;2:08.237;0:24.911;0:30.853;;Dan TICKTUM;0:01:49.969;;A;ERT Formula E Team;Electric Racing Technologies;;false;
33;1;6;1:11.024;0;;25.019;0;24.050;2;21.955;0;105.4;9:52.909;12:29:52.909;0:25.019;0:24.050;0:21.955;;Dan TICKTUM;;;A;ERT Formula E Team;Electric Racing Technologies;;false;
33;1;7;1:39.790;0;;34.929;0;30.353;0;34.508;0;75.0;11:32.699;12:31:32.699;0:34.929;0:30.353;0:34.508;;Dan TICKTUM;;;A;ERT Formula E Team;Electric Racing Technologies;;false;
33;1;8;1:10.790;2;;24.860;2;24.055;0;21.875;2;105.8;12:43.489;12:32:43.489;0:24.860;0:24.055;0:21.875;;Dan TICKTUM;;;A;ERT Formula E Team;Electric Racing Technologies;;false;
37;1;1;1:26.497;0;;31.920;0;26.165;0;28.412;0;82.0;1:26.497;12:21:26.497;0:31.920;0:26.165;0:28.412;;Nick CASSIDY;0:00:10.277;;A;Jaguar TCS Racing;Jaguar;;false;
37;1;2;1:11.046;0;;25.113;0;23.998;0;21.935;0;105.4;2:37.543;12:22:37.543;0:25.113;0:23.998;0:21.935;;Nick CASSIDY;;;A;Jaguar TCS Racing;Jaguar;;false;
37;1;3;1:14.903;0;B;24.974;0;23.947;0;25.982;0;100.0;3:52.446;12:23:52.446;0:24.974;0:23.947;0:25.982;;Nick CASSIDY;;;A;Jaguar TCS Racing;Jaguar;;false;
37;1;4;3:08.941;0;;2:19.917;0;26.328;0;22.696;0;39.6;7:01.387;12:27:01.387;2:19.917;0:26.328;0:22.696;;Nick CASSIDY;0:02:00.052;;A;Jaguar TCS Racing;Jaguar;;false;
37;1;5;1:15.768;0;;25.378;0;25.469;0;24.921;0;98.8;8:17.155;12:28:17.155;0:25.378;0:25.469;0:24.921;;Nick CASSIDY;;;A;Jaguar TCS Racing;Jaguar;;false;
37;1;6;1:10.323;3;;24.698;3;23.861;2;21.764;3;106.5;9:27.478;12:29:27.478;0:24.698;0:23.861;0:21.764;;Nick CASSIDY;;;A;Jaguar TCS Racing;Jaguar;;false;
37;1;7;1:28.987;0;;29.384;0;34.871;0;24.732;0;84.1;10:56.465;12:30:56.465;0:29.384;0:34.871;0:24.732;;Nick CASSIDY;;;A;Jaguar TCS Racing;Jaguar;;false;
37;1;8;1:10.743;0;;24.854;0;24.009;0;21.880;0;105.8;12:07.208;12:32:07.208;0:24.854;0:24.009;0:21.880;;Nick CASSIDY;;;A;Jaguar TCS Racing;Jaguar;;false;
4;1;1;1:18.313;0;;26.893;0;27.416;0;24.004;0;90.6;1:18.313;12:21:18.313;0:26.893;0:27.416;0:24.004;;Robin FRIJNS;0:00:04.935;;A;Envision Racing;Jaguar;;false;
4;1;2;1:11.567;0;;25.212;0;24.382;0;21.973;0;104.6;2:29.880;12:22:29.880;0:25.212;0:24.382;0:21.973;;Robin FRIJNS;;;A;Envision Racing;Jaguar;;false;
4;1;3;1:14.801;0;B;25.339;0;24.601;0;24.861;0;100.1;3:44.681;12:23:44.681;0:25.339;0:24.601;0:24.861;;Robin FRIJNS;;;A;Envision Racing;Jaguar;;false;
4;1;4;2:59.091;0;;2:09.308;0;26.573;0;23.210;0;41.8;6:43.772;12:26:43.772;2:09.308;0:26.573;0:23.210;;Robin FRIJNS;0:01:49.829;;A;Envision Racing;Jaguar;;false;
4;1;5;1:16.076;0;;26.726;0;25.512;0;23.838;0;98.4;7:59.848;12:27:59.848;0:26.726;0:25.512;0:23.838;;Robin FRIJNS;;;A;Envision Racing;Jaguar;;false;
4;1;6;1:10.862;0;;24.883;0;24.082;0;21.897;0;105.7;9:10.710;12:29:10.710;0:24.883;0:24.082;0:21.897;;Robin FRIJNS;;;A;Envision Racing;Jaguar;;false;
4;1;7;1:26.743;0;;28.143;0;33.006;0;25.594;0;86.3;10:37.453;12:30:37.453;0:28.143;0:33.006;0:25.594;;Robin FRIJNS;;;A;Envision Racing;Jaguar;;false;
4;1;8;1:10.744;0;;24.852;2;23.967;0;21.925;0;105.8;11:48.197;12:31:48.197;0:24.852;0:23.967;0:21.925;;Robin FRIJNS;;;A;Envision Racing;Jaguar;;false;
4;1;9;1:10.655;2;;24.883;0;23.892;2;21.880;2;106.0;12:58.852;12:32:58.852;0:24.883;0:23.892;0:21.880;;Robin FRIJNS;;;A;Envision Racing;Jaguar;;false;
5;1;1;1:43.618;0;;44.304;0;26.203;0;33.111;0;68.4;1:43.618;12:21:43.618;0:44.304;0:26.203;0:33.111;;Jake HUGHES;0:00:22.385;;A;NEOM McLaren Formula E Team;Nissan;;false;
5;1;2;1:17.126;0;;25.856;0;27.921;0;23.349;0;97.1;3:00.744;12:23:00.744;0:25.856;0:27.921;0:23.349;;Jake HUGHES;;;A;NEOM McLaren Formula E Team;Nissan;;false;
5;1;3;1:10.829;0;;24.978;0;23.945;2;21.906;0;105.7;4:11.573;12:24:11.573;0:24.978;0:23.945;0:21.906;;Jake HUGHES;;;A;NEOM McLaren Formula E Team;Nissan;;false;
5;1;4;1:14.703;0;B;25.190;0;24.365;0;25.148;0;100.2;5:26.276;12:25:26.276;0:25.190;0:24.365;0:25.148;;Jake HUGHES;;;A;NEOM McLaren Formula E Team;Nissan;;false;
5;1;5;3:11.160;0;;2:18.452;0;24.942;0;27.766;0;39.2;8:37.436;12:28:37.436;2:18.452;0:24.942;0:27.766;;Jake HUGHES;0:02:00.383;;A;NEOM McLaren Formula E Team;Nissan;;false;
5;1;6;1:10.797;2;;24.895;2;24.065;0;21.837;2;105.8;9:48.233;12:29:48.233;0:24.895;0:24.065;0:21.837;;Jake HUGHES;;;A;NEOM McLaren Formula E Team;Nissan;;false;
5;1;7;1:40.087;0;;32.005;0;36.802;0;31.280;0;74.8;11:28.320;12:31:28.320;0:32.005;0:36.802;0:31.280;;Jake HUGHES;;;A;NEOM McLaren Formula E Team;Nissan;;false;
5;1;8;1:33.783;0;B;25.029;0;37.101;0;31.653;0;79.8;13:02.103;12:33:02.103;0:25.029;0:37.101;0:31.653;;Jake HUGHES;;;A;NEOM McLaren Formula E Team;Nissan;;false;
8;1;1;1:44.682;0;;44.839;0;27.061;0;32.782;0;67.7;1:44.682;12:21:44.682;0:44.839;0:27.061;0:32.782;;Sam BIRD;0:00:24.120;;A;NEOM McLaren Formula E Team;Nissan;;false;
8;1;2;1:24.659;0;;26.397;0;30.992;0;27.270;0;88.4;3:09.341;12:23:09.341;0:26.397;0:30.992;0:27.270;;Sam BIRD;;;A;NEOM McLaren Formula E Team;Nissan;;false;
8;1;3;1:11.283;0;;25.100;0;24.192;0;21.991;0;105.0;4:20.624;12:24:20.624;0:25.100;0:24.192;0:21.991;;Sam BIRD;;;A;NEOM McLaren Formula E Team;Nissan;;false;
8;1;4;1:13.891;0;B;25.219;0;24.200;0;24.472;0;101.3;5:34.515;12:25:34.515;0:25.219;0:24.200;0:24.472;;Sam BIRD;;;A;NEOM McLaren Formula E Team;Nissan;;false;
8;1;5;3:00.220;0;;2:06.898;0;25.574;0;27.748;0;41.5;8:34.735;12:28:34.735;2:06.898;0:25.574;0:27.748;;Sam BIRD;0:01:48.735;;A;NEOM McLaren Formula E Team;Nissan;;false;
8;1;6;1:11.030;0;;24.882;2;24.021;0;22.127;0;105.4;9:45.765;12:29:45.765;0:24.882;0:24.021;0:22.127;;Sam BIRD;;;A;NEOM McLaren Formula E Team;Nissan;;false;
8;1;7;1:39.961;0;;31.498;0;36.938;0;31.525;0;74.9;11:25.726;12:31:25.726;0:31.498;0:36.938;0:31.525;;Sam BIRD;;;A;NEOM McLaren Formula E Team;Nissan;;false;
8;1;8;1:10.651;2;;24.906;0;23.910;2;21.835;2;106.0;12:36.377;12:32:36.377;0:24.906;0:23.910;0:21.835;;Sam BIRD;;;A;NEOM McLaren Formula E Team;Nissan;;false;
94;1;1;1:32.431;0;;33.696;0;27.895;0;30.840;0;76.7;1:32.431;12:21:32.431;0:33.696;0:27.895;0:30.840;;Pascal WEHRLEIN;0:00:11.550;;A;TAG Heuer Porsche Formula E Team;Porsche;;false;
94;1;2;1:12.099;0;;25.397;0;24.283;0;22.419;0;103.9;2:44.530;12:22:44.530;0:25.397;0:24.283;0:22.419;;Pascal WEHRLEIN;;;A;TAG Heuer Porsche Formula E Team;Porsche;;false;
94;1;3;1:10.834;0;;25.051;0;23.877;0;21.906;0;105.7;3:55.364;12:23:55.364;0:25.051;0:23.877;0:21.906;;Pascal WEHRLEIN;;;A;TAG Heuer Porsche Formula E Team;Porsche;;false;
94;1;4;1:14.164;0;B;25.307;0;24.063;0;24.794;0;101.0;5:09.528;12:25:09.528;0:25.307;0:24.063;0:24.794;;Pascal WEHRLEIN;;;A;TAG Heuer Porsche Formula E Team;Porsche;;false;
94;1;5;2:52.101;0;;2:02.462;0;26.389;0;23.250;0;43.5;8:01.629;12:28:01.629;2:02.462;0:26.389;0:23.250;;Pascal WEHRLEIN;0:01:42.286;;A;TAG Heuer Porsche Formula E Team;Porsche;;false;
94;1;6;1:14.148;0;;26.578;0;25.118;0;22.452;0;101.0;9:15.777;12:29:15.777;0:26.578;0:25.118;0:22.452;;Pascal WEHRLEIN;;;A;TAG Heuer Porsche Formula E Team;Porsche;;false;
94;1;7;1:10.595;0;;24.938;0;23.843;0;21.814;2;106.1;10:26.372;12:30:26.372;0:24.938;0:23.843;0:21.814;;Pascal WEHRLEIN;;;A;TAG Heuer Porsche Formula E Team;Porsche;;false;
94;1;8;1:17.871;0;;27.966;0;26.343;0;23.562;0;96.2;11:44.243;12:31:44.243;0:27.966;0:26.343;0:23.562;;Pascal WEHRLEIN;;;A;TAG Heuer Porsche Formula E Team;Porsche;;false;
94;1;9;1:10.468;2;;24.863;2;23.754;3;21.851;0;106.3;12:54.711;12:32:54.711;0:24.863;0:23.754;0:21.851;;Pascal WEHRLEIN;;;A;TAG Heuer Porsche Formula E Team;Porsche;;false;
