﻿NUMBER; DRIVER_NUMBER; LAP_NUMBER; LAP_TIME; LAP_IMPROVEMENT; CROSSING_FINISH_LINE_IN_PIT; S1; S1_IMPROVEMENT; S2; S2_IMPROVEMENT; S3; S3_IMPROVEMENT; KPH; ELAPSED; HOUR;S1_LARGE;S2_LARGE;S3_LARGE;TOP_SPEED;DRIVER_NAME;PIT_TIME;CLASS;GROUP;TEAM;MANUFACTURER;POWER;FANBOOST;
1;1;1;2:02.541;0;;1:05.600;0;27.387;0;29.554;0;84.1;2:02.541;10:22:02.541;1:05.600;0:27.387;0:29.554;;Jake DENNIS;0:00:39.676;;A;Andretti Formula E;Porsche;;false;
1;1;2;1:15.250;0;;25.510;0;24.150;0;25.590;0;146.0;3:17.791;10:23:17.791;0:25.510;0:24.150;0:25.590;;Jake DENNIS;;;A;Andretti Formula E;Porsche;;false;
1;1;3;1:30.171;0;;30.924;0;29.199;0;30.048;0;121.8;4:47.962;10:24:47.962;0:30.924;0:29.199;0:30.048;;Jake DENNIS;;;A;Andretti Formula E;Porsche;;false;
1;1;4;1:14.771;2;;25.348;2;23.946;0;25.477;2;146.9;6:02.733;10:26:02.733;0:25.348;0:23.946;0:25.477;;Jake DENNIS;;;A;Andretti Formula E;Porsche;;false;
1;1;5;1:16.864;0;B;25.550;0;23.920;2;27.394;0;142.9;7:19.597;10:27:19.597;0:25.550;0:23.920;0:27.394;;Jake DENNIS;;;A;Andretti Formula E;Porsche;;false;
1;1;6;3:02.654;0;;2:07.021;0;27.012;0;28.621;0;60.1;10:22.251;10:30:22.251;2:07.021;0:27.012;0:28.621;;Jake DENNIS;0:01:45.015;;A;Andretti Formula E;Porsche;;false;
1;1;7;1:27.598;0;;27.270;0;27.688;0;32.640;0;125.4;11:49.849;10:31:49.849;0:27.270;0:27.688;0:32.640;;Jake DENNIS;;;A;Andretti Formula E;Porsche;;false;
1;1;8;1:14.818;0;;25.366;0;23.954;0;25.498;0;146.8;13:04.667;10:33:04.667;0:25.366;0:23.954;0:25.498;;Jake DENNIS;;;A;Andretti Formula E;Porsche;;false;
16;1;1;1:30.280;0;;33.621;0;28.193;0;28.466;0;114.1;1:30.280;10:21:30.280;0:33.621;0:28.193;0:28.466;;Sébastien BUEMI;0:00:06.498;;A;Envision Racing;Jaguar;;false;
16;1;2;1:22.670;0;;27.100;0;26.117;0;29.453;0;132.9;2:52.950;10:22:52.950;0:27.100;0:26.117;0:29.453;;Sébastien BUEMI;;;A;Envision Racing;Jaguar;;false;
16;1;3;1:15.088;0;;25.341;0;24.123;0;25.624;2;146.3;4:08.038;10:24:08.038;0:25.341;0:24.123;0:25.624;;Sébastien BUEMI;;;A;Envision Racing;Jaguar;;false;
16;1;4;1:17.566;0;;25.290;2;23.939;2;28.337;0;141.6;5:25.604;10:25:25.604;0:25.290;0:23.939;0:28.337;;Sébastien BUEMI;;;A;Envision Racing;Jaguar;;false;
16;1;5;1:18.438;0;B;25.801;0;24.604;0;28.033;0;140.0;6:44.042;10:26:44.042;0:25.801;0:24.604;0:28.033;;Sébastien BUEMI;;;A;Envision Racing;Jaguar;;false;
16;1;6;3:14.024;0;;2:15.569;0;26.171;0;32.284;0;56.6;9:58.066;10:29:58.066;2:15.569;0:26.171;0:32.284;;Sébastien BUEMI;0:01:52.221;;A;Envision Racing;Jaguar;;false;
16;1;7;1:22.118;0;;26.863;0;26.686;0;28.569;0;133.8;11:20.184;10:31:20.184;0:26.863;0:26.686;0:28.569;;Sébastien BUEMI;;;A;Envision Racing;Jaguar;;false;
16;1;8;1:14.949;2;;25.325;0;24.000;0;25.624;0;146.5;12:35.133;10:32:35.133;0:25.325;0:24.000;0:25.624;;Sébastien BUEMI;;;A;Envision Racing;Jaguar;;false;
18;1;1;1:37.164;0;;43.118;0;25.610;0;28.436;0;106.0;1:37.164;10:21:37.164;0:43.118;0:25.610;0:28.436;;Jehan DARUVALA;0:00:16.888;;A;Maserati MSG Racing;STELLANTIS;;false;
18;1;2;1:33.793;0;;26.264;0;28.107;0;39.422;0;117.1;3:10.957;10:23:10.957;0:26.264;0:28.107;0:39.422;;Jehan DARUVALA;;;A;Maserati MSG Racing;STELLANTIS;;false;
18;1;3;1:14.988;0;;25.260;2;23.944;2;25.784;0;146.5;4:25.945;10:24:25.945;0:25.260;0:23.944;0:25.784;;Jehan DARUVALA;;;A;Maserati MSG Racing;STELLANTIS;;false;
18;1;4;1:29.199;0;B;34.183;0;26.402;0;28.614;0;123.1;5:55.144;10:25:55.144;0:34.183;0:26.402;0:28.614;;Jehan DARUVALA;;;A;Maserati MSG Racing;STELLANTIS;;false;
18;1;5;2:58.160;0;;2:07.297;0;24.715;0;26.148;0;61.7;8:53.304;10:28:53.304;2:07.297;0:24.715;0:26.148;;Jehan DARUVALA;0:01:46.071;;A;Maserati MSG Racing;STELLANTIS;;false;
18;1;6;1:14.792;2;;25.260;0;24.173;0;25.359;2;146.9;10:08.096;10:30:08.096;0:25.260;0:24.173;0:25.359;;Jehan DARUVALA;;;A;Maserati MSG Racing;STELLANTIS;;false;
18;1;7;1:33.334;0;;26.327;0;27.140;0;39.867;0;117.7;11:41.430;10:31:41.430;0:26.327;0:27.140;0:39.867;;Jehan DARUVALA;;;A;Maserati MSG Racing;STELLANTIS;;false;
18;1;8;1:15.027;0;;25.349;0;24.039;0;25.639;0;146.4;12:56.457;10:32:56.457;0:25.349;0:24.039;0:25.639;;Jehan DARUVALA;;;A;Maserati MSG Racing;STELLANTIS;;false;
2;1;1;1:35.531;0;;38.894;0;27.801;0;28.836;0;107.8;1:35.531;10:21:35.531;0:38.894;0:27.801;0:28.836;;Stoffel VANDOORNE;0:00:12.578;;A;DS PENSKE;STELLANTIS;;false;
2;1;2;1:27.476;0;;25.510;0;28.219;0;33.747;0;125.6;3:03.007;10:23:03.007;0:25.510;0:28.219;0:33.747;;Stoffel VANDOORNE;;;A;DS PENSKE;STELLANTIS;;false;
2;1;3;1:14.793;0;;25.256;0;24.071;0;25.466;0;146.9;4:17.800;10:24:17.800;0:25.256;0:24.071;0:25.466;;Stoffel VANDOORNE;;;A;DS PENSKE;STELLANTIS;;false;
2;1;4;1:14.642;2;;25.228;2;23.949;2;25.465;0;147.2;5:32.442;10:25:32.442;0:25.228;0:23.949;0:25.465;;Stoffel VANDOORNE;;;A;DS PENSKE;STELLANTIS;;false;
2;1;5;1:17.550;0;B;25.377;0;24.217;0;27.956;0;141.6;6:49.992;10:26:49.992;0:25.377;0:24.217;0:27.956;;Stoffel VANDOORNE;;;A;DS PENSKE;STELLANTIS;;false;
2;1;6;3:20.483;0;;2:25.482;0;28.413;0;26.588;0;54.8;10:10.475;10:30:10.475;2:25.482;0:28.413;0:26.588;;Stoffel VANDOORNE;0:01:59.673;;A;DS PENSKE;STELLANTIS;;false;
2;1;7;1:28.492;0;;25.315;0;25.007;0;38.170;0;124.1;11:38.967;10:31:38.967;0:25.315;0:25.007;0:38.170;;Stoffel VANDOORNE;;;A;DS PENSKE;STELLANTIS;;false;
2;1;8;1:14.689;0;;25.333;0;23.998;0;25.358;2;147.1;12:53.656;10:32:53.656;0:25.333;0:23.998;0:25.358;;Stoffel VANDOORNE;;;A;DS PENSKE;STELLANTIS;;false;
21;1;1;1:40.575;0;;45.781;0;25.914;0;28.880;0;102.4;1:40.575;10:21:40.575;0:45.781;0:25.914;0:28.880;;Nyck DE VRIES;0:00:20.681;;A;MAHINDRA RACING;Mahindra Racing;;false;
21;1;2;1:15.940;0;;25.587;0;24.327;0;26.026;0;144.6;2:56.515;10:22:56.515;0:25.587;0:24.327;0:26.026;;Nyck DE VRIES;;;A;MAHINDRA RACING;Mahindra Racing;;false;
21;1;3;1:18.016;0;B;25.401;0;23.955;2;28.660;0;140.8;4:14.531;10:24:14.531;0:25.401;0:23.955;0:28.660;;Nyck DE VRIES;;;A;MAHINDRA RACING;Mahindra Racing;;false;
21;1;4;3:07.546;0;;2:10.695;0;29.387;0;27.464;0;58.6;7:22.077;10:27:22.077;2:10.695;0:29.387;0:27.464;;Nyck DE VRIES;0:01:46.804;;A;MAHINDRA RACING;Mahindra Racing;;false;
21;1;5;1:19.609;0;;26.653;0;24.784;0;28.172;0;138.0;8:41.686;10:28:41.686;0:26.653;0:24.784;0:28.172;;Nyck DE VRIES;;;A;MAHINDRA RACING;Mahindra Racing;;false;
21;1;6;1:14.654;2;;25.320;2;24.014;0;25.320;2;147.1;9:56.340;10:29:56.340;0:25.320;0:24.014;0:25.320;;Nyck DE VRIES;;;A;MAHINDRA RACING;Mahindra Racing;;false;
21;1;7;1:34.969;0;;26.198;0;38.999;0;29.772;0;115.7;11:31.309;10:31:31.309;0:26.198;0:38.999;0:29.772;;Nyck DE VRIES;;;A;MAHINDRA RACING;Mahindra Racing;;false;
21;1;8;1:14.971;0;;25.510;0;24.013;0;25.448;0;146.5;12:46.280;10:32:46.280;0:25.510;0:24.013;0:25.448;;Nyck DE VRIES;;;A;MAHINDRA RACING;Mahindra Racing;;false;
22;1;1;2:06.590;0;;1:09.737;0;27.693;0;29.160;0;81.4;2:06.590;10:22:06.590;1:09.737;0:27.693;0:29.160;;Oliver ROWLAND;0:00:45.189;;A;Nissan Formula E Team;Nissan;;false;
22;1;2;1:15.062;0;;25.469;0;24.009;0;25.584;0;146.3;3:21.652;10:23:21.652;0:25.469;0:24.009;0:25.584;;Oliver ROWLAND;;;A;Nissan Formula E Team;Nissan;;false;
22;1;3;1:38.297;0;;33.969;0;35.041;0;29.287;0;111.7;4:59.949;10:24:59.949;0:33.969;0:35.041;0:29.287;;Oliver ROWLAND;;;A;Nissan Formula E Team;Nissan;;false;
22;1;4;1:14.849;0;;25.265;2;23.975;0;25.609;0;146.7;6:14.798;10:26:14.798;0:25.265;0:23.975;0:25.609;;Oliver ROWLAND;;;A;Nissan Formula E Team;Nissan;;false;
22;1;5;1:17.549;0;B;26.225;0;24.425;0;26.899;0;141.6;7:32.347;10:27:32.347;0:26.225;0:24.425;0:26.899;;Oliver ROWLAND;;;A;Nissan Formula E Team;Nissan;;false;
22;1;6;3:33.841;0;;2:40.067;0;26.361;0;27.413;0;51.4;11:06.188;10:31:06.188;2:40.067;0:26.361;0:27.413;;Oliver ROWLAND;0:02:18.918;;A;Nissan Formula E Team;Nissan;;false;
22;1;7;1:14.629;3;;25.353;0;23.969;2;25.307;2;147.2;12:20.817;10:32:20.817;0:25.353;0:23.969;0:25.307;;Oliver ROWLAND;;;A;Nissan Formula E Team;Nissan;;false;
23;1;1;1:43.572;0;;44.006;0;27.261;0;32.305;0;99.4;1:43.572;10:21:43.572;0:44.006;0:27.261;0:32.305;;Sacha FENESTRAZ;0:00:18.437;;A;Nissan Formula E Team;Nissan;;false;
23;1;2;1:15.420;0;;25.528;0;24.140;0;25.752;0;145.6;2:58.992;10:22:58.992;0:25.528;0:24.140;0:25.752;;Sacha FENESTRAZ;;;A;Nissan Formula E Team;Nissan;;false;
23;1;3;1:15.424;0;;25.710;0;23.937;0;25.777;0;145.6;4:14.416;10:24:14.416;0:25.710;0:23.937;0:25.777;;Sacha FENESTRAZ;;;A;Nissan Formula E Team;Nissan;;false;
23;1;4;1:17.479;0;B;25.527;0;24.005;0;27.947;0;141.8;5:31.895;10:25:31.895;0:25.527;0:24.005;0:27.947;;Sacha FENESTRAZ;;;A;Nissan Formula E Team;Nissan;;false;
23;1;5;3:07.634;0;;2:13.353;0;26.899;0;27.382;0;58.5;8:39.529;10:28:39.529;2:13.353;0:26.899;0:27.382;;Sacha FENESTRAZ;0:01:51.426;;A;Nissan Formula E Team;Nissan;;false;
23;1;6;1:14.735;2;;25.461;0;23.873;2;25.401;2;147.0;9:54.264;10:29:54.264;0:25.461;0:23.873;0:25.401;;Sacha FENESTRAZ;;;A;Nissan Formula E Team;Nissan;;false;
23;1;7;1:32.076;0;;27.738;0;31.625;0;32.713;0;119.3;11:26.340;10:31:26.340;0:27.738;0:31.625;0:32.713;;Sacha FENESTRAZ;;;A;Nissan Formula E Team;Nissan;;false;
23;1;8;1:14.944;0;;25.458;2;23.907;0;25.579;0;146.6;12:41.284;10:32:41.284;0:25.458;0:23.907;0:25.579;;Sacha FENESTRAZ;;;A;Nissan Formula E Team;Nissan;;false;
33;1;1;1:50.012;0;;44.264;0;27.838;0;37.910;0;93.6;1:50.012;10:21:50.012;0:44.264;0:27.838;0:37.910;;Dan TICKTUM;0:00:19.389;;A;ERT Formula E Team;Electric Racing Technologies;;false;
33;1;2;1:15.013;0;;25.419;2;24.132;0;25.462;0;146.4;3:05.025;10:23:05.025;0:25.419;0:24.132;0:25.462;;Dan TICKTUM;;;A;ERT Formula E Team;Electric Racing Technologies;;false;
33;1;3;1:15.387;0;;25.499;0;24.402;0;25.486;0;145.7;4:20.412;10:24:20.412;0:25.499;0:24.402;0:25.486;;Dan TICKTUM;;;A;ERT Formula E Team;Electric Racing Technologies;;false;
33;1;4;1:17.159;0;B;25.726;0;24.063;2;27.370;0;142.4;5:37.571;10:25:37.571;0:25.726;0:24.063;0:27.370;;Dan TICKTUM;;;A;ERT Formula E Team;Electric Racing Technologies;;false;
33;1;5;3:09.744;0;;2:13.266;0;26.616;0;29.862;0;57.9;8:47.315;10:28:47.315;2:13.266;0:26.616;0:29.862;;Dan TICKTUM;0:01:47.659;;A;ERT Formula E Team;Electric Racing Technologies;;false;
33;1;6;1:14.736;2;;25.473;0;24.078;0;25.185;3;147.0;10:02.051;10:30:02.051;0:25.473;0:24.078;0:25.185;;Dan TICKTUM;;;A;ERT Formula E Team;Electric Racing Technologies;;false;
33;1;7;1:43.377;0;;29.768;0;30.522;0;43.087;0;106.2;11:45.428;10:31:45.428;0:29.768;0:30.522;0:43.087;;Dan TICKTUM;;;A;ERT Formula E Team;Electric Racing Technologies;;false;
33;1;8;1:14.809;0;;25.447;0;24.076;0;25.286;0;146.8;13:00.237;10:33:00.237;0:25.447;0:24.076;0:25.286;;Dan TICKTUM;;;A;ERT Formula E Team;Electric Racing Technologies;;false;
37;1;1;1:31.823;0;;35.385;0;28.538;0;27.900;0;112.2;1:31.823;10:21:31.823;0:35.385;0:28.538;0:27.900;;Nick CASSIDY;0:00:09.317;;A;Jaguar TCS Racing;Jaguar;;false;
37;1;2;1:23.306;0;;26.850;0;25.796;0;30.660;0;131.8;2:55.129;10:22:55.129;0:26.850;0:25.796;0:30.660;;Nick CASSIDY;;;A;Jaguar TCS Racing;Jaguar;;false;
37;1;3;1:36.432;0;;25.318;0;29.756;0;41.358;0;113.9;4:31.561;10:24:31.561;0:25.318;0:29.756;0:41.358;;Nick CASSIDY;;;A;Jaguar TCS Racing;Jaguar;;false;
37;1;4;1:15.426;0;;25.977;0;24.028;0;25.421;2;145.6;5:46.987;10:25:46.987;0:25.977;0:24.028;0:25.421;;Nick CASSIDY;;;A;Jaguar TCS Racing;Jaguar;;false;
37;1;5;1:17.500;0;B;25.202;0;23.871;2;28.427;0;141.7;7:04.487;10:27:04.487;0:25.202;0:23.871;0:28.427;;Nick CASSIDY;;;A;Jaguar TCS Racing;Jaguar;;false;
37;1;6;3:04.739;0;;2:09.962;0;25.807;0;28.970;0;59.5;10:09.226;10:30:09.226;2:09.962;0:25.807;0:28.970;;Nick CASSIDY;0:01:44.105;;A;Jaguar TCS Racing;Jaguar;;false;
37;1;7;1:25.543;0;;25.899;0;24.548;0;35.096;0;128.4;11:34.769;10:31:34.769;0:25.899;0:24.548;0:35.096;;Nick CASSIDY;;;A;Jaguar TCS Racing;Jaguar;;false;
37;1;8;1:14.650;2;;25.198;3;23.968;0;25.484;0;147.1;12:49.419;10:32:49.419;0:25.198;0:23.968;0:25.484;;Nick CASSIDY;;;A;Jaguar TCS Racing;Jaguar;;false;
4;1;1;1:27.178;0;;33.982;0;25.924;0;27.272;0;118.1;1:27.178;10:21:27.178;0:33.982;0:25.924;0:27.272;;Robin FRIJNS;0:00:08.141;;A;Envision Racing;Jaguar;;false;
4;1;2;1:20.892;0;;26.756;0;25.875;0;28.261;0;135.8;2:48.070;10:22:48.070;0:26.756;0:25.875;0:28.261;;Robin FRIJNS;;;A;Envision Racing;Jaguar;;false;
4;1;3;1:15.148;0;;25.478;0;24.126;0;25.544;2;146.2;4:03.218;10:24:03.218;0:25.478;0:24.126;0:25.544;;Robin FRIJNS;;;A;Envision Racing;Jaguar;;false;
4;1;4;1:14.944;2;;25.254;2;23.969;0;25.721;0;146.6;5:18.162;10:25:18.162;0:25.254;0:23.969;0:25.721;;Robin FRIJNS;;;A;Envision Racing;Jaguar;;false;
4;1;5;1:18.567;0;B;26.250;0;24.866;0;27.451;0;139.8;6:36.729;10:26:36.729;0:26.250;0:24.866;0:27.451;;Robin FRIJNS;;;A;Envision Racing;Jaguar;;false;
4;1;6;3:22.511;0;;2:24.593;0;30.894;0;27.024;0;54.2;9:59.240;10:29:59.240;2:24.593;0:30.894;0:27.024;;Robin FRIJNS;0:02:03.583;;A;Envision Racing;Jaguar;;false;
4;1;7;1:29.480;0;;26.617;0;29.182;0;33.681;0;122.7;11:28.720;10:31:28.720;0:26.617;0:29.182;0:33.681;;Robin FRIJNS;;;A;Envision Racing;Jaguar;;false;
4;1;8;1:14.946;0;;25.290;0;23.943;2;25.713;0;146.6;12:43.666;10:32:43.666;0:25.290;0:23.943;0:25.713;;Robin FRIJNS;;;A;Envision Racing;Jaguar;;false;
7;1;1;1:36.450;0;;42.246;0;25.934;0;28.270;0;106.8;1:36.450;10:21:36.450;0:42.246;0:25.934;0:28.270;;Maximilian GÜNTHER;0:00:14.586;;A;Maserati MSG Racing;STELLANTIS;;false;
7;1;2;1:30.680;0;;26.332;0;26.880;0;37.468;0;121.1;3:07.130;10:23:07.130;0:26.332;0:26.880;0:37.468;;Maximilian GÜNTHER;;;A;Maserati MSG Racing;STELLANTIS;;false;
7;1;3;1:15.049;0;;25.484;0;24.031;0;25.534;0;146.4;4:22.179;10:24:22.179;0:25.484;0:24.031;0:25.534;;Maximilian GÜNTHER;;;A;Maserati MSG Racing;STELLANTIS;;false;
7;1;4;1:14.756;0;;25.224;2;24.011;0;25.521;0;146.9;5:36.935;10:25:36.935;0:25.224;0:24.011;0:25.521;;Maximilian GÜNTHER;;;A;Maserati MSG Racing;STELLANTIS;;false;
7;1;5;1:16.798;0;B;25.402;0;24.057;0;27.339;0;143.0;6:53.733;10:26:53.733;0:25.402;0:24.057;0:27.339;;Maximilian GÜNTHER;;;A;Maserati MSG Racing;STELLANTIS;;false;
7;1;6;3:08.092;0;;2:15.769;0;24.837;0;27.486;0;58.4;10:01.825;10:30:01.825;2:15.769;0:24.837;0:27.486;;Maximilian GÜNTHER;0:01:51.039;;A;Maserati MSG Racing;STELLANTIS;;false;
7;1;7;1:21.083;0;;26.163;0;25.163;0;29.757;0;135.5;11:22.908;10:31:22.908;0:26.163;0:25.163;0:29.757;;Maximilian GÜNTHER;;;A;Maserati MSG Racing;STELLANTIS;;false;
7;1;8;1:14.672;2;;25.307;0;23.846;3;25.519;2;147.1;12:37.580;10:32:37.580;0:25.307;0:23.846;0:25.519;;Maximilian GÜNTHER;;;A;Maserati MSG Racing;STELLANTIS;;false;
