﻿NUMBER; DRIVER_NUMBER; LAP_NUMBER; LAP_TIME; LAP_IMPROVEMENT; CROSSING_FINISH_LINE_IN_PIT; S1; S1_IMPROVEMENT; S2; S2_IMPROVEMENT; S3; S3_IMPROVEMENT; KPH; ELAPSED; HOUR;S1_LARGE;S2_LARGE;S3_LARGE;TOP_SPEED;DRIVER_NAME;PIT_TIME;CLASS;GROUP;TEAM;MANUFACTURER;POWER;FANBOOST;
11;1;1;1:43.979;0;;55.923;0;29.884;0;18.172;0;81.1;1:43.979;10:38:43.979;0:55.923;0:29.884;0:18.172;;Lucas DI GRASSI;0:00:25.312;;B;ABT CUPRA FORMULA E TEAM;Mahindra Racing;;false;
11;1;2;1:15.134;0;;21.032;0;27.475;0;26.627;0;112.3;2:59.113;10:39:59.113;0:21.032;0:27.475;0:26.627;;Lucas DI GRASSI;;;B;ABT CUPRA FORMULA E TEAM;Mahindra Racing;;false;
11;1;3;1:02.955;0;;19.692;0;26.176;0;17.087;0;134.0;4:02.068;10:41:02.068;0:19.692;0:26.176;0:17.087;;Lucas DI GRASSI;;;B;ABT CUPRA FORMULA E TEAM;Mahindra Racing;;false;
11;1;4;1:02.831;0;;19.708;0;26.133;0;16.990;0;134.2;5:04.899;10:42:04.899;0:19.708;0:26.133;0:16.990;;Lucas DI GRASSI;;;B;ABT CUPRA FORMULA E TEAM;Mahindra Racing;;false;
11;1;5;2:44.182;0;B;20.348;0;26.901;0;1:56.933;0;51.4;7:49.081;10:44:49.081;0:20.348;0:26.901;1:56.933;;Lucas DI GRASSI;;;B;ABT CUPRA FORMULA E TEAM;Mahindra Racing;;false;
11;1;6;1:20.893;0;;32.880;0;29.444;0;18.569;0;104.3;9:09.974;10:46:09.974;0:32.880;0:29.444;0:18.569;;Lucas DI GRASSI;0:01:47.190;;B;ABT CUPRA FORMULA E TEAM;Mahindra Racing;;false;
11;1;7;1:09.302;0;;21.072;0;28.234;0;19.996;0;121.7;10:19.276;10:47:19.276;0:21.072;0:28.234;0:19.996;;Lucas DI GRASSI;;;B;ABT CUPRA FORMULA E TEAM;Mahindra Racing;;false;
11;1;8;1:18.445;0;;19.808;0;28.438;0;30.199;0;107.5;11:37.721;10:48:37.721;0:19.808;0:28.438;0:30.199;;Lucas DI GRASSI;;;B;ABT CUPRA FORMULA E TEAM;Mahindra Racing;;false;
11;1;9;1:02.615;3;;19.613;2;26.076;2;16.926;3;134.7;12:40.336;10:49:40.336;0:19.613;0:26.076;0:16.926;;Lucas DI GRASSI;;;B;ABT CUPRA FORMULA E TEAM;Mahindra Racing;;false;
16;1;1;1:23.427;0;;35.007;0;29.662;0;18.758;0;101.1;1:23.427;10:38:23.427;0:35.007;0:29.662;0:18.758;;Paul ARON;0:00:07.822;;B;Envision Racing;Jaguar;;false;
16;1;2;1:08.986;0;;21.306;0;28.423;0;19.257;0;122.3;2:32.413;10:39:32.413;0:21.306;0:28.423;0:19.257;;Paul ARON;;;B;Envision Racing;Jaguar;;false;
16;1;3;1:03.092;2;;19.850;0;26.242;2;17.000;2;133.7;3:35.505;10:40:35.505;0:19.850;0:26.242;0:17.000;;Paul ARON;;;B;Envision Racing;Jaguar;;false;
16;1;4;1:22.032;0;;19.804;0;36.297;0;25.931;0;102.8;4:57.537;10:41:57.537;0:19.804;0:36.297;0:25.931;;Paul ARON;;;B;Envision Racing;Jaguar;;false;
16;1;5;1:03.218;0;;19.704;2;26.378;0;17.136;0;133.4;6:00.755;10:43:00.755;0:19.704;0:26.378;0:17.136;;Paul ARON;;;B;Envision Racing;Jaguar;;false;
16;1;6;1:18.597;0;B;19.805;0;26.531;0;32.261;0;107.3;7:19.352;10:44:19.352;0:19.805;0:26.531;0:32.261;;Paul ARON;;;B;Envision Racing;Jaguar;;false;
16;1;7;2:51.788;0;;2:02.457;0;28.081;0;21.250;0;49.1;10:11.140;10:47:11.140;2:02.457;0:28.081;0:21.250;;Paul ARON;0:01:48.674;;B;Envision Racing;Jaguar;;false;
16;1;8;1:13.299;0;;20.668;0;30.290;0;22.341;0;115.1;11:24.439;10:48:24.439;0:20.668;0:30.290;0:22.341;;Paul ARON;;;B;Envision Racing;Jaguar;;false;
16;1;9;1:03.652;0;;19.877;0;26.743;0;17.032;0;132.5;12:28.091;10:49:28.091;0:19.877;0:26.743;0:17.032;;Paul ARON;;;B;Envision Racing;Jaguar;;false;
17;1;1;1:26.246;0;;37.689;0;29.778;0;18.779;0;97.8;1:26.246;10:38:26.246;0:37.689;0:29.778;0:18.779;;Norman NATO;0:00:12.224;;B;Andretti Formula E;Porsche;;false;
17;1;2;1:16.188;0;;20.961;0;31.881;0;23.346;0;110.7;2:42.434;10:39:42.434;0:20.961;0:31.881;0:23.346;;Norman NATO;;;B;Andretti Formula E;Porsche;;false;
17;1;3;1:03.404;0;;19.819;0;26.273;0;17.312;0;133.0;3:45.838;10:40:45.838;0:19.819;0:26.273;0:17.312;;Norman NATO;;;B;Andretti Formula E;Porsche;;false;
17;1;4;1:21.745;0;B;19.865;0;26.320;0;35.560;0;103.2;5:07.583;10:42:07.583;0:19.865;0:26.320;0:35.560;;Norman NATO;;;B;Andretti Formula E;Porsche;;false;
17;1;5;2:42.722;0;;1:55.591;0;28.473;0;18.658;0;51.8;7:50.305;10:44:50.305;1:55.591;0:28.473;0:18.658;;Norman NATO;0:01:49.549;;B;Andretti Formula E;Porsche;;false;
17;1;6;1:09.520;0;;21.025;0;27.807;0;20.688;0;121.3;8:59.825;10:45:59.825;0:21.025;0:27.807;0:20.688;;Norman NATO;;;B;Andretti Formula E;Porsche;;false;
17;1;7;1:03.345;0;;20.149;0;26.152;2;17.044;2;133.2;10:03.170;10:47:03.170;0:20.149;0:26.152;0:17.044;;Norman NATO;;;B;Andretti Formula E;Porsche;;false;
17;1;8;1:24.771;0;;24.457;0;36.956;0;23.358;0;99.5;11:27.941;10:48:27.941;0:24.457;0:36.956;0:23.358;;Norman NATO;;;B;Andretti Formula E;Porsche;;false;
17;1;9;1:03.159;2;;19.679;2;26.363;0;17.117;0;133.5;12:31.100;10:49:31.100;0:19.679;0:26.363;0:17.117;;Norman NATO;;;B;Andretti Formula E;Porsche;;false;
2;1;1;1:28.662;0;;41.377;0;29.249;0;18.036;0;95.1;1:28.662;10:38:28.662;0:41.377;0:29.249;0:18.036;;Stoffel VANDOORNE;0:00:14.379;;B;DS PENSKE;STELLANTIS;;false;
2;1;2;1:10.742;0;;20.721;0;29.050;0;20.971;0;119.2;2:39.404;10:39:39.404;0:20.721;0:29.050;0:20.971;;Stoffel VANDOORNE;;;B;DS PENSKE;STELLANTIS;;false;
2;1;3;1:03.142;0;;19.813;0;26.225;0;17.104;0;133.6;3:42.546;10:40:42.546;0:19.813;0:26.225;0:17.104;;Stoffel VANDOORNE;;;B;DS PENSKE;STELLANTIS;;false;
2;1;4;2:45.785;0;B;19.605;2;26.142;0;2:00.038;0;50.9;6:28.331;10:43:28.331;0:19.605;0:26.142;2:00.038;;Stoffel VANDOORNE;;;B;DS PENSKE;STELLANTIS;;false;
2;1;5;1:17.029;0;;31.072;0;27.633;0;18.324;0;109.5;7:45.360;10:44:45.360;0:31.072;0:27.633;0:18.324;;Stoffel VANDOORNE;0:01:49.718;;B;DS PENSKE;STELLANTIS;;false;
2;1;6;1:11.110;0;;20.650;0;27.406;0;23.054;0;118.6;8:56.470;10:45:56.470;0:20.650;0:27.406;0:23.054;;Stoffel VANDOORNE;;;B;DS PENSKE;STELLANTIS;;false;
2;1;7;1:02.837;0;;19.774;0;26.087;2;16.976;0;134.2;9:59.307;10:46:59.307;0:19.774;0:26.087;0:16.976;;Stoffel VANDOORNE;;;B;DS PENSKE;STELLANTIS;;false;
2;1;8;1:15.960;0;;21.232;0;33.413;0;21.315;0;111.0;11:15.267;10:48:15.267;0:21.232;0:33.413;0:21.315;;Stoffel VANDOORNE;;;B;DS PENSKE;STELLANTIS;;false;
2;1;9;1:02.717;2;;19.666;0;26.090;0;16.961;2;134.5;12:17.984;10:49:17.984;0:19.666;0:26.090;0:16.961;;Stoffel VANDOORNE;;;B;DS PENSKE;STELLANTIS;;false;
22;1;1;1:34.211;0;;47.373;0;28.455;0;18.383;0;89.5;1:34.211;10:38:34.211;0:47.373;0:28.455;0:18.383;;Oliver ROWLAND;0:00:22.088;;B;Nissan Formula E Team;Nissan;;false;
22;1;2;1:17.277;0;;20.709;0;29.872;0;26.696;0;109.2;2:51.488;10:39:51.488;0:20.709;0:29.872;0:26.696;;Oliver ROWLAND;;;B;Nissan Formula E Team;Nissan;;false;
22;1;3;1:03.557;0;;19.916;0;26.351;0;17.290;0;132.7;3:55.045;10:40:55.045;0:19.916;0:26.351;0:17.290;;Oliver ROWLAND;;;B;Nissan Formula E Team;Nissan;;false;
22;1;4;1:03.060;0;;19.739;0;26.180;0;17.141;0;133.8;4:58.105;10:41:58.105;0:19.739;0:26.180;0:17.141;;Oliver ROWLAND;;;B;Nissan Formula E Team;Nissan;;false;
22;1;5;2:43.609;0;B;20.427;0;27.346;0;1:55.836;0;51.6;7:41.714;10:44:41.714;0:20.427;0:27.346;1:55.836;;Oliver ROWLAND;;;B;Nissan Formula E Team;Nissan;;false;
22;1;6;1:16.317;0;;30.316;0;27.587;0;18.414;0;110.5;8:58.031;10:45:58.031;0:30.316;0:27.587;0:18.414;;Oliver ROWLAND;0:01:46.437;;B;Nissan Formula E Team;Nissan;;false;
22;1;7;1:09.015;0;;20.375;0;29.674;0;18.966;0;122.2;10:07.046;10:47:07.046;0:20.375;0:29.674;0:18.966;;Oliver ROWLAND;;;B;Nissan Formula E Team;Nissan;;false;
22;1;8;1:03.567;0;;19.856;0;26.209;0;17.502;0;132.7;11:10.613;10:48:10.613;0:19.856;0:26.209;0:17.502;;Oliver ROWLAND;;;B;Nissan Formula E Team;Nissan;;false;
22;1;9;1:02.948;2;;19.690;2;26.125;2;17.133;2;134.0;12:13.561;10:49:13.561;0:19.690;0:26.125;0:17.133;;Oliver ROWLAND;;;B;Nissan Formula E Team;Nissan;;false;
3;1;1;1:39.415;0;;53.662;0;27.993;0;17.760;0;84.8;1:39.415;10:38:39.415;0:53.662;0:27.993;0:17.760;;Sérgio SETTE CÂMARA;0:00:23.866;;B;ERT Formula E Team;Electric Racing Technologies;;false;
3;1;2;1:10.090;0;;21.084;0;27.688;0;21.318;0;120.3;2:49.505;10:39:49.505;0:21.084;0:27.688;0:21.318;;Sérgio SETTE CÂMARA;;;B;ERT Formula E Team;Electric Racing Technologies;;false;
3;1;3;1:03.085;0;;19.716;0;26.289;0;17.080;0;133.7;3:52.590;10:40:52.590;0:19.716;0:26.289;0:17.080;;Sérgio SETTE CÂMARA;;;B;ERT Formula E Team;Electric Racing Technologies;;false;
3;1;4;1:03.042;0;;19.723;0;26.185;0;17.134;0;133.8;4:55.632;10:41:55.632;0:19.723;0:26.185;0:17.134;;Sérgio SETTE CÂMARA;;;B;ERT Formula E Team;Electric Racing Technologies;;false;
3;1;5;2:40.827;0;B;19.935;0;26.411;0;1:54.481;0;52.4;7:36.459;10:44:36.459;0:19.935;0:26.411;1:54.481;;Sérgio SETTE CÂMARA;;;B;ERT Formula E Team;Electric Racing Technologies;;false;
3;1;6;1:16.508;0;;30.753;0;27.158;0;18.597;0;110.2;8:52.967;10:45:52.967;0:30.753;0:27.158;0:18.597;;Sérgio SETTE CÂMARA;0:01:45.028;;B;ERT Formula E Team;Electric Racing Technologies;;false;
3;1;7;1:09.486;0;;20.801;0;30.986;0;17.699;0;121.4;10:02.453;10:47:02.453;0:20.801;0:30.986;0:17.699;;Sérgio SETTE CÂMARA;;;B;ERT Formula E Team;Electric Racing Technologies;;false;
3;1;8;1:02.931;0;;19.804;0;26.157;0;16.970;2;134.0;11:05.384;10:48:05.384;0:19.804;0:26.157;0:16.970;;Sérgio SETTE CÂMARA;;;B;ERT Formula E Team;Electric Racing Technologies;;false;
3;1;9;1:02.761;2;;19.643;2;26.063;3;17.055;0;134.4;12:08.145;10:49:08.145;0:19.643;0:26.063;0:17.055;;Sérgio SETTE CÂMARA;;;B;ERT Formula E Team;Electric Racing Technologies;;false;
37;1;1;1:25.126;0;;36.470;0;29.728;0;18.928;0;99.1;1:25.126;10:38:25.126;0:36.470;0:29.728;0:18.928;;Nick CASSIDY;0:00:09.482;;B;Jaguar TCS Racing;Jaguar;;false;
37;1;2;1:10.499;0;;21.017;0;30.359;0;19.123;0;119.6;2:35.625;10:39:35.625;0:21.017;0:30.359;0:19.123;;Nick CASSIDY;;;B;Jaguar TCS Racing;Jaguar;;false;
37;1;3;1:02.893;0;;19.677;0;26.171;0;17.045;0;134.1;3:38.518;10:40:38.518;0:19.677;0:26.171;0:17.045;;Nick CASSIDY;;;B;Jaguar TCS Racing;Jaguar;;false;
37;1;4;1:47.909;0;B;19.728;0;26.140;2;1:02.041;0;78.2;5:26.427;10:42:26.427;0:19.728;0:26.140;1:02.041;;Nick CASSIDY;;;B;Jaguar TCS Racing;Jaguar;;false;
37;1;5;2:17.310;0;;1:31.349;0;27.883;0;18.078;0;61.4;7:43.737;10:44:43.737;1:31.349;0:27.883;0:18.078;;Nick CASSIDY;0:01:50.990;;B;Jaguar TCS Racing;Jaguar;;false;
37;1;6;1:07.204;0;;20.597;0;27.992;0;18.615;0;125.5;8:50.941;10:45:50.941;0:20.597;0:27.992;0:18.615;;Nick CASSIDY;;;B;Jaguar TCS Racing;Jaguar;;false;
37;1;7;1:03.065;0;;19.752;0;26.256;0;17.057;0;133.7;9:54.006;10:46:54.006;0:19.752;0:26.256;0:17.057;;Nick CASSIDY;;;B;Jaguar TCS Racing;Jaguar;;false;
37;1;8;1:09.367;0;;21.800;0;30.479;0;17.088;0;121.6;11:03.373;10:48:03.373;0:21.800;0:30.479;0:17.088;;Nick CASSIDY;;;B;Jaguar TCS Racing;Jaguar;;false;
37;1;9;1:02.840;2;;19.657;2;26.155;0;17.028;2;134.2;12:06.213;10:49:06.213;0:19.657;0:26.155;0:17.028;;Nick CASSIDY;;;B;Jaguar TCS Racing;Jaguar;;false;
5;1;1;1:30.003;0;;45.151;0;27.402;0;17.450;0;93.7;1:30.003;10:38:30.003;0:45.151;0:27.402;0:17.450;;Jake HUGHES;0:00:19.746;;B;NEOM McLaren Formula E Team;Nissan;;false;
5;1;2;1:13.911;0;;20.277;0;31.842;0;21.792;0;114.1;2:43.914;10:39:43.914;0:20.277;0:31.842;0:21.792;;Jake HUGHES;;;B;NEOM McLaren Formula E Team;Nissan;;false;
5;1;3;1:03.421;0;;19.927;0;26.259;0;17.235;0;133.0;3:47.335;10:40:47.335;0:19.927;0:26.259;0:17.235;;Jake HUGHES;;;B;NEOM McLaren Formula E Team;Nissan;;false;
5;1;4;1:16.490;0;;25.098;0;32.439;0;18.953;0;110.3;5:03.825;10:42:03.825;0:25.098;0:32.439;0:18.953;;Jake HUGHES;;;B;NEOM McLaren Formula E Team;Nissan;;false;
5;1;5;1:03.037;2;;19.721;0;26.276;0;17.040;2;133.8;6:06.862;10:43:06.862;0:19.721;0:26.276;0:17.040;;Jake HUGHES;;;B;NEOM McLaren Formula E Team;Nissan;;false;
5;1;6;2:50.407;0;B;19.750;0;26.136;2;2:04.521;0;49.5;8:57.269;10:45:57.269;0:19.750;0:26.136;2:04.521;;Jake HUGHES;;;B;NEOM McLaren Formula E Team;Nissan;;false;
5;1;7;1:15.155;0;;30.697;0;26.995;0;17.463;0;112.2;10:12.424;10:47:12.424;0:30.697;0:26.995;0:17.463;;Jake HUGHES;0:01:54.158;;B;NEOM McLaren Formula E Team;Nissan;;false;
5;1;8;1:08.256;0;;20.091;0;27.623;0;20.542;0;123.6;11:20.680;10:48:20.680;0:20.091;0:27.623;0:20.542;;Jake HUGHES;;;B;NEOM McLaren Formula E Team;Nissan;;false;
5;1;9;1:03.056;0;;19.663;2;26.199;0;17.194;0;133.8;12:23.736;10:49:23.736;0:19.663;0:26.199;0:17.194;;Jake HUGHES;;;B;NEOM McLaren Formula E Team;Nissan;;false;
51;1;1;1:55.724;0;;59.303;0;35.260;0;21.161;0;72.9;1:55.724;10:38:55.724;0:59.303;0:35.260;0:21.161;;Kelvin VAN DER LINDE;0:00:28.114;;B;ABT CUPRA FORMULA E TEAM;Mahindra Racing;;false;
51;1;2;1:07.503;0;;20.123;0;26.470;0;20.910;0;125.0;3:03.227;10:40:03.227;0:20.123;0:26.470;0:20.910;;Kelvin VAN DER LINDE;;;B;ABT CUPRA FORMULA E TEAM;Mahindra Racing;;false;
51;1;3;1:03.307;0;;19.836;0;26.252;0;17.219;0;133.2;4:06.534;10:41:06.534;0:19.836;0:26.252;0:17.219;;Kelvin VAN DER LINDE;;;B;ABT CUPRA FORMULA E TEAM;Mahindra Racing;;false;
51;1;4;1:03.049;0;;19.734;0;26.268;0;17.047;0;133.8;5:09.583;10:42:09.583;0:19.734;0:26.268;0:17.047;;Kelvin VAN DER LINDE;;;B;ABT CUPRA FORMULA E TEAM;Mahindra Racing;;false;
51;1;5;2:47.595;0;B;20.847;0;28.336;0;1:58.412;0;50.3;7:57.178;10:44:57.178;0:20.847;0:28.336;1:58.412;;Kelvin VAN DER LINDE;;;B;ABT CUPRA FORMULA E TEAM;Mahindra Racing;;false;
51;1;6;1:21.636;0;;31.708;0;32.485;0;17.443;0;103.3;9:18.814;10:46:18.814;0:31.708;0:32.485;0:17.443;;Kelvin VAN DER LINDE;0:01:46.632;;B;ABT CUPRA FORMULA E TEAM;Mahindra Racing;;false;
51;1;7;1:04.570;0;;20.158;0;26.679;0;17.733;0;130.6;10:23.384;10:47:23.384;0:20.158;0:26.679;0:17.733;;Kelvin VAN DER LINDE;;;B;ABT CUPRA FORMULA E TEAM;Mahindra Racing;;false;
51;1;8;1:02.870;2;;19.640;2;26.178;2;17.052;0;134.2;11:26.254;10:48:26.254;0:19.640;0:26.178;0:17.052;;Kelvin VAN DER LINDE;;;B;ABT CUPRA FORMULA E TEAM;Mahindra Racing;;false;
51;1;9;1:02.963;0;;19.690;0;26.333;0;16.940;2;134.0;12:29.217;10:49:29.217;0:19.690;0:26.333;0:16.940;;Kelvin VAN DER LINDE;;;B;ABT CUPRA FORMULA E TEAM;Mahindra Racing;;false;
7;1;1;1:32.132;0;;44.873;0;28.877;0;18.382;0;91.6;1:32.132;10:38:32.132;0:44.873;0:28.877;0:18.382;;Maximilian GÜNTHER;0:00:18.792;;B;Maserati MSG Racing;STELLANTIS;;false;
7;1;2;1:14.898;0;;24.149;0;28.434;0;22.315;0;112.6;2:47.030;10:39:47.030;0:24.149;0:28.434;0:22.315;;Maximilian GÜNTHER;;;B;Maserati MSG Racing;STELLANTIS;;false;
7;1;3;1:02.913;0;;19.778;0;26.135;0;17.000;2;134.1;3:49.943;10:40:49.943;0:19.778;0:26.135;0:17.000;;Maximilian GÜNTHER;;;B;Maserati MSG Racing;STELLANTIS;;false;
7;1;4;2:54.005;0;B;19.979;0;26.317;0;2:07.709;0;48.5;6:43.948;10:43:43.948;0:19.979;0:26.317;2:07.709;;Maximilian GÜNTHER;;;B;Maserati MSG Racing;STELLANTIS;;false;
7;1;5;1:15.173;0;;30.117;0;27.151;0;17.905;0;112.2;7:59.121;10:44:59.121;0:30.117;0:27.151;0:17.905;;Maximilian GÜNTHER;0:01:57.185;;B;Maserati MSG Racing;STELLANTIS;;false;
7;1;6;1:07.144;0;;20.383;0;27.089;0;19.672;0;125.6;9:06.265;10:46:06.265;0:20.383;0:27.089;0:19.672;;Maximilian GÜNTHER;;;B;Maserati MSG Racing;STELLANTIS;;false;
7;1;7;1:03.225;0;;19.709;0;26.363;0;17.153;0;133.4;10:09.490;10:47:09.490;0:19.709;0:26.363;0:17.153;;Maximilian GÜNTHER;;;B;Maserati MSG Racing;STELLANTIS;;false;
7;1;8;1:22.961;0;;24.440;0;35.767;0;22.754;0;101.7;11:32.451;10:48:32.451;0:24.440;0:35.767;0:22.754;;Maximilian GÜNTHER;;;B;Maserati MSG Racing;STELLANTIS;;false;
7;1;9;1:02.713;2;;19.588;3;26.111;2;17.014;0;134.5;12:35.164;10:49:35.164;0:19.588;0:26.111;0:17.014;;Maximilian GÜNTHER;;;B;Maserati MSG Racing;STELLANTIS;;false;
8;1;1;1:33.296;0;;46.416;0;28.564;0;18.316;0;90.4;1:33.296;10:38:33.296;0:46.416;0:28.564;0:18.316;;Taylor BARNARD;0:00:20.921;;B;NEOM McLaren Formula E Team;Nissan;;false;
8;1;2;1:20.524;0;;20.261;0;30.141;0;30.122;0;104.7;2:53.820;10:39:53.820;0:20.261;0:30.141;0:30.122;;Taylor BARNARD;;;B;NEOM McLaren Formula E Team;Nissan;;false;
8;1;3;2:20.977;0;B;20.100;0;26.391;0;1:34.486;0;59.8;5:14.797;10:42:14.797;0:20.100;0:26.391;1:34.486;;Taylor BARNARD;;;B;NEOM McLaren Formula E Team;Nissan;;false;
8;1;4;1:15.512;0;;30.080;0;27.860;0;17.572;0;111.7;6:30.309;10:43:30.309;0:30.080;0:27.860;0:17.572;;Taylor BARNARD;0:01:25.266;;B;NEOM McLaren Formula E Team;Nissan;;false;
8;1;5;1:02.926;2;;19.807;0;26.118;2;17.001;2;134.0;7:33.235;10:44:33.235;0:19.807;0:26.118;0:17.001;;Taylor BARNARD;;;B;NEOM McLaren Formula E Team;Nissan;;false;
8;1;6;1:13.071;0;;22.591;0;32.484;0;17.996;0;115.4;8:46.306;10:45:46.306;0:22.591;0:32.484;0:17.996;;Taylor BARNARD;;;B;NEOM McLaren Formula E Team;Nissan;;false;
8;1;7;1:03.116;0;;19.717;2;26.232;0;17.167;0;133.6;9:49.422;10:46:49.422;0:19.717;0:26.232;0:17.167;;Taylor BARNARD;;;B;NEOM McLaren Formula E Team;Nissan;;false;
8;1;8;1:28.556;0;;28.598;0;38.453;0;21.505;0;95.2;11:17.978;10:48:17.978;0:28.598;0:38.453;0:21.505;;Taylor BARNARD;;;B;NEOM McLaren Formula E Team;Nissan;;false;
8;1;9;1:03.236;0;;19.811;0;26.409;0;17.016;0;133.4;12:21.214;10:49:21.214;0:19.811;0:26.409;0:17.016;;Taylor BARNARD;;;B;NEOM McLaren Formula E Team;Nissan;;false;
