﻿NUMBER; DRIVER_NUMBER; LAP_NUMBER; LAP_TIME; LAP_IMPROVEMENT; CROSSING_FINISH_LINE_IN_PIT; S1; S1_IMPROVEMENT; S2; S2_IMPROVEMENT; S3; S3_IMPROVEMENT; KPH; ELAPSED; HOUR;S1_LARGE;S2_LARGE;S3_LARGE;TOP_SPEED;DRIVER_NAME;PIT_TIME;CLASS;GROUP;TEAM;MANUFACTURER;POWER;FANBOOST;
1;1;1;1:36.904;0;;48.817;0;28.528;0;19.559;0;87.0;1:36.904;10:21:36.904;0:48.817;0:28.528;0:19.559;;Jake DENNIS;0:00:23.975;;A;Andretti Formula E;Porsche;;false;
1;1;2;1:15.950;0;;21.407;0;28.647;0;25.896;0;111.1;2:52.854;10:22:52.854;0:21.407;0:28.647;0:25.896;;Jake DENNIS;;;A;Andretti Formula E;Porsche;;false;
1;1;3;1:03.239;0;;19.825;0;26.341;0;17.073;0;133.4;3:56.093;10:23:56.093;0:19.825;0:26.341;0:17.073;;Jake DENNIS;;;A;Andretti Formula E;Porsche;;false;
1;1;4;1:23.762;0;B;19.663;0;26.237;0;37.862;0;100.7;5:19.855;10:25:19.855;0:19.663;0:26.237;0:37.862;;Jake DENNIS;;;A;Andretti Formula E;Porsche;;false;
1;1;5;2:50.352;0;;2:03.004;0;28.459;0;18.889;0;49.5;8:10.207;10:28:10.207;2:03.004;0:28.459;0:18.889;;Jake DENNIS;0:02:00.239;;A;Andretti Formula E;Porsche;;false;
1;1;6;1:11.617;0;;20.997;0;28.626;0;21.994;0;117.8;9:21.824;10:29:21.824;0:20.997;0:28.626;0:21.994;;Jake DENNIS;;;A;Andretti Formula E;Porsche;;false;
1;1;7;1:03.224;0;;20.031;0;26.134;2;17.059;0;133.4;10:25.048;10:30:25.048;0:20.031;0:26.134;0:17.059;;Jake DENNIS;;;A;Andretti Formula E;Porsche;;false;
1;1;8;1:19.891;0;;23.143;0;36.906;0;19.842;0;105.6;11:44.939;10:31:44.939;0:23.143;0:36.906;0:19.842;;Jake DENNIS;;;A;Andretti Formula E;Porsche;;false;
1;1;9;1:03.110;2;;19.620;2;26.441;0;17.049;2;133.7;12:48.049;10:32:48.049;0:19.620;0:26.441;0:17.049;;Jake DENNIS;;;A;Andretti Formula E;Porsche;;false;
13;1;1;1:28.404;0;;38.510;0;30.071;0;19.823;0;95.4;1:28.404;10:21:28.404;0:38.510;0:30.071;0:19.823;;António Félix DA COSTA;0:00:13.303;;A;TAG Heuer Porsche Formula E Team;Porsche;;false;
13;1;2;1:17.658;0;;21.446;0;29.869;0;26.343;0;108.6;2:46.062;10:22:46.062;0:21.446;0:29.869;0:26.343;;António Félix DA COSTA;;;A;TAG Heuer Porsche Formula E Team;Porsche;;false;
13;1;3;1:03.092;0;;19.838;0;26.225;0;17.029;2;133.7;3:49.154;10:23:49.154;0:19.838;0:26.225;0:17.029;;António Félix DA COSTA;;;A;TAG Heuer Porsche Formula E Team;Porsche;;false;
13;1;4;2:42.921;0;B;20.006;0;26.632;0;1:56.283;0;51.8;6:32.075;10:26:32.075;0:20.006;0:26.632;1:56.283;;António Félix DA COSTA;;;A;TAG Heuer Porsche Formula E Team;Porsche;;false;
13;1;5;1:17.850;0;;30.589;0;28.346;0;18.915;0;108.3;7:49.925;10:27:49.925;0:30.589;0:28.346;0:18.915;;António Félix DA COSTA;0:01:46.017;;A;TAG Heuer Porsche Formula E Team;Porsche;;false;
13;1;6;1:14.265;0;;21.280;0;29.135;0;23.850;0;113.6;9:04.190;10:29:04.190;0:21.280;0:29.135;0:23.850;;António Félix DA COSTA;;;A;TAG Heuer Porsche Formula E Team;Porsche;;false;
13;1;7;1:02.929;0;;19.774;2;26.120;0;17.035;0;134.0;10:07.119;10:30:07.119;0:19.774;0:26.120;0:17.035;;António Félix DA COSTA;;;A;TAG Heuer Porsche Formula E Team;Porsche;;false;
13;1;8;1:23.841;0;;26.305;0;33.358;0;24.178;0;100.6;11:30.960;10:31:30.960;0:26.305;0:33.358;0:24.178;;António Félix DA COSTA;;;A;TAG Heuer Porsche Formula E Team;Porsche;;false;
13;1;9;1:02.885;2;;19.781;0;26.025;2;17.079;0;134.1;12:33.845;10:32:33.845;0:19.781;0:26.025;0:17.079;;António Félix DA COSTA;;;A;TAG Heuer Porsche Formula E Team;Porsche;;false;
18;1;1;1:36.008;0;;43.817;0;31.885;0;20.306;0;87.9;1:36.008;10:21:36.008;0:43.817;0:31.885;0:20.306;;Jehan DARUVALA;0:00:18.939;;A;Maserati MSG Racing;STELLANTIS;;false;
18;1;2;1:13.364;0;;20.122;0;28.783;0;24.459;0;115.0;2:49.372;10:22:49.372;0:20.122;0:28.783;0:24.459;;Jehan DARUVALA;;;A;Maserati MSG Racing;STELLANTIS;;false;
18;1;3;1:03.514;0;;19.989;0;26.262;0;17.263;0;132.8;3:52.886;10:23:52.886;0:19.989;0:26.262;0:17.263;;Jehan DARUVALA;;;A;Maserati MSG Racing;STELLANTIS;;false;
18;1;4;1:03.001;0;;19.803;0;26.156;0;17.042;0;133.9;4:55.887;10:24:55.887;0:19.803;0:26.156;0:17.042;;Jehan DARUVALA;;;A;Maserati MSG Racing;STELLANTIS;;false;
18;1;5;2:54.746;0;B;19.952;0;26.705;0;2:08.089;0;48.3;7:50.633;10:27:50.633;0:19.952;0:26.705;2:08.089;;Jehan DARUVALA;;;A;Maserati MSG Racing;STELLANTIS;;false;
18;1;6;1:25.011;0;;30.976;0;28.172;0;25.863;0;99.2;9:15.644;10:29:15.644;0:30.976;0:28.172;0:25.863;;Jehan DARUVALA;0:01:57.092;;A;Maserati MSG Racing;STELLANTIS;;false;
18;1;7;1:03.217;0;;19.851;0;26.277;0;17.089;0;133.4;10:18.861;10:30:18.861;0:19.851;0:26.277;0:17.089;;Jehan DARUVALA;;;A;Maserati MSG Racing;STELLANTIS;;false;
18;1;8;1:18.417;0;;19.699;2;35.843;0;22.875;0;107.6;11:37.278;10:31:37.278;0:19.699;0:35.843;0:22.875;;Jehan DARUVALA;;;A;Maserati MSG Racing;STELLANTIS;;false;
18;1;9;1:02.801;2;;19.727;0;26.059;2;17.015;2;134.3;12:40.079;10:32:40.079;0:19.727;0:26.059;0:17.015;;Jehan DARUVALA;;;A;Maserati MSG Racing;STELLANTIS;;false;
21;1;1;1:41.435;0;;51.759;0;29.446;0;20.230;0;83.2;1:41.435;10:21:41.435;0:51.759;0:29.446;0:20.230;;Jordan KING;0:00:26.389;;A;MAHINDRA RACING;Mahindra Racing;;false;
21;1;2;1:28.354;0;;22.188;0;32.899;0;33.267;0;95.5;3:09.789;10:23:09.789;0:22.188;0:32.899;0:33.267;;Jordan KING;;;A;MAHINDRA RACING;Mahindra Racing;;false;
21;1;3;1:03.296;0;;19.930;0;26.272;0;17.094;0;133.3;4:13.085;10:24:13.085;0:19.930;0:26.272;0:17.094;;Jordan KING;;;A;MAHINDRA RACING;Mahindra Racing;;false;
21;1;4;1:02.970;0;;19.708;2;26.159;0;17.103;0;133.9;5:16.055;10:25:16.055;0:19.708;0:26.159;0:17.103;;Jordan KING;;;A;MAHINDRA RACING;Mahindra Racing;;false;
21;1;5;2:47.368;0;B;20.876;0;26.949;0;1:59.543;0;50.4;8:03.423;10:28:03.423;0:20.876;0:26.949;1:59.543;;Jordan KING;;;A;MAHINDRA RACING;Mahindra Racing;;false;
21;1;6;1:20.974;0;;32.231;0;29.182;0;19.561;0;104.2;9:24.397;10:29:24.397;0:32.231;0:29.182;0:19.561;;Jordan KING;0:01:48.441;;A;MAHINDRA RACING;Mahindra Racing;;false;
21;1;7;1:11.180;0;;21.932;0;28.636;0;20.612;0;118.5;10:35.577;10:30:35.577;0:21.932;0:28.636;0:20.612;;Jordan KING;;;A;MAHINDRA RACING;Mahindra Racing;;false;
21;1;8;1:03.206;0;;19.752;0;26.258;0;17.196;0;133.4;11:38.783;10:31:38.783;0:19.752;0:26.258;0:17.196;;Jordan KING;;;A;MAHINDRA RACING;Mahindra Racing;;false;
21;1;9;1:02.954;2;;19.736;0;26.156;2;17.062;2;134.0;12:41.737;10:32:41.737;0:19.736;0:26.156;0:17.062;;Jordan KING;;;A;MAHINDRA RACING;Mahindra Racing;;false;
23;1;1;1:37.415;0;;45.782;0;30.569;0;21.064;0;86.6;1:37.415;10:21:37.415;0:45.782;0:30.569;0:21.064;;Sacha FENESTRAZ;0:00:20.431;;A;Nissan Formula E Team;Nissan;;false;
23;1;2;1:19.026;0;;21.897;0;29.251;0;27.878;0;106.7;2:56.441;10:22:56.441;0:21.897;0:29.251;0:27.878;;Sacha FENESTRAZ;;;A;Nissan Formula E Team;Nissan;;false;
23;1;3;1:03.441;0;;20.047;0;26.277;0;17.117;0;133.0;3:59.882;10:23:59.882;0:20.047;0:26.277;0:17.117;;Sacha FENESTRAZ;;;A;Nissan Formula E Team;Nissan;;false;
23;1;4;1:22.009;0;;24.929;0;37.654;0;19.426;0;102.9;5:21.891;10:25:21.891;0:24.929;0:37.654;0:19.426;;Sacha FENESTRAZ;;;A;Nissan Formula E Team;Nissan;;false;
23;1;5;1:03.191;0;;19.920;0;26.248;0;17.023;0;133.5;6:25.082;10:26:25.082;0:19.920;0:26.248;0:17.023;;Sacha FENESTRAZ;;;A;Nissan Formula E Team;Nissan;;false;
23;1;6;1:20.118;0;;24.669;0;34.644;0;20.805;0;105.3;7:45.200;10:27:45.200;0:24.669;0:34.644;0:20.805;;Sacha FENESTRAZ;;;A;Nissan Formula E Team;Nissan;;false;
23;1;7;1:11.612;0;;22.396;0;28.462;0;20.754;0;117.8;8:56.812;10:28:56.812;0:22.396;0:28.462;0:20.754;;Sacha FENESTRAZ;;;A;Nissan Formula E Team;Nissan;;false;
23;1;8;1:03.093;2;;19.885;2;26.200;0;17.008;2;133.7;9:59.905;10:29:59.905;0:19.885;0:26.200;0:17.008;;Sacha FENESTRAZ;;;A;Nissan Formula E Team;Nissan;;false;
23;1;9;1:27.160;0;;25.428;0;37.913;0;23.819;0;96.8;11:27.065;10:31:27.065;0:25.428;0:37.913;0:23.819;;Sacha FENESTRAZ;;;A;Nissan Formula E Team;Nissan;;false;
23;1;10;1:03.347;0;;20.140;0;26.153;2;17.054;0;133.2;12:30.412;10:32:30.412;0:20.140;0:26.153;0:17.054;;Sacha FENESTRAZ;;;A;Nissan Formula E Team;Nissan;;false;
25;1;1;1:35.175;0;;42.512;0;32.759;0;19.904;0;88.6;1:35.175;10:21:35.175;0:42.512;0:32.759;0:19.904;;Jean-Éric VERGNE;0:00:15.853;;A;DS PENSKE;STELLANTIS;;false;
25;1;2;1:03.775;0;;19.895;0;26.384;0;17.496;0;132.3;2:38.950;10:22:38.950;0:19.895;0:26.384;0:17.496;;Jean-Éric VERGNE;;;A;DS PENSKE;STELLANTIS;;false;
25;1;3;1:19.656;0;;26.239;0;33.898;0;19.519;0;105.9;3:58.606;10:23:58.606;0:26.239;0:33.898;0:19.519;;Jean-Éric VERGNE;;;A;DS PENSKE;STELLANTIS;;false;
25;1;4;1:03.113;0;;19.784;0;26.278;0;17.051;0;133.6;5:01.719;10:25:01.719;0:19.784;0:26.278;0:17.051;;Jean-Éric VERGNE;;;A;DS PENSKE;STELLANTIS;;false;
25;1;5;2:40.985;0;B;19.528;3;26.192;0;1:55.265;0;52.4;7:42.704;10:27:42.704;0:19.528;0:26.192;1:55.265;;Jean-Éric VERGNE;;;A;DS PENSKE;STELLANTIS;;false;
25;1;6;1:28.702;0;;31.796;0;28.909;0;27.997;0;95.1;9:11.406;10:29:11.406;0:31.796;0:28.909;0:27.997;;Jean-Éric VERGNE;0:01:45.483;;A;DS PENSKE;STELLANTIS;;false;
25;1;7;1:03.052;0;;19.828;0;26.185;0;17.039;0;133.8;10:14.458;10:30:14.458;0:19.828;0:26.185;0:17.039;;Jean-Éric VERGNE;;;A;DS PENSKE;STELLANTIS;;false;
25;1;8;1:06.579;0;;20.255;0;27.644;0;18.680;0;126.7;11:21.037;10:31:21.037;0:20.255;0:27.644;0:18.680;;Jean-Éric VERGNE;;;A;DS PENSKE;STELLANTIS;;false;
25;1;9;1:02.776;2;;19.614;0;26.168;2;16.994;2;134.4;12:23.813;10:32:23.813;0:19.614;0:26.168;0:16.994;;Jean-Éric VERGNE;;;A;DS PENSKE;STELLANTIS;;false;
33;1;1;1:37.897;0;;46.406;0;30.436;0;21.055;0;86.2;1:37.897;10:21:37.897;0:46.406;0:30.436;0:21.055;;Dan TICKTUM;0:00:21.724;;A;ERT Formula E Team;Electric Racing Technologies;;false;
33;1;2;1:23.970;0;;21.821;0;30.553;0;31.596;0;100.5;3:01.867;10:23:01.867;0:21.821;0:30.553;0:31.596;;Dan TICKTUM;;;A;ERT Formula E Team;Electric Racing Technologies;;false;
33;1;3;1:03.608;0;;19.945;0;26.521;0;17.142;2;132.6;4:05.475;10:24:05.475;0:19.945;0:26.521;0:17.142;;Dan TICKTUM;;;A;ERT Formula E Team;Electric Racing Technologies;;false;
33;1;4;1:03.401;0;;19.846;0;26.085;0;17.470;0;133.0;5:08.876;10:25:08.876;0:19.846;0:26.085;0:17.470;;Dan TICKTUM;;;A;ERT Formula E Team;Electric Racing Technologies;;false;
33;1;5;2:38.237;0;B;20.779;0;26.264;0;1:51.194;0;53.3;7:47.113;10:27:47.113;0:20.779;0:26.264;1:51.194;;Dan TICKTUM;;;A;ERT Formula E Team;Electric Racing Technologies;;false;
33;1;6;1:24.791;0;;29.345;0;27.685;0;27.761;0;99.5;9:11.904;10:29:11.904;0:29.345;0:27.685;0:27.761;;Dan TICKTUM;0:01:41.477;;A;ERT Formula E Team;Electric Racing Technologies;;false;
33;1;7;1:08.677;0;;20.154;0;27.283;0;21.240;0;122.8;10:20.581;10:30:20.581;0:20.154;0:27.283;0:21.240;;Dan TICKTUM;;;A;ERT Formula E Team;Electric Racing Technologies;;false;
33;1;8;1:03.065;0;;19.701;0;26.213;0;17.151;0;133.7;11:23.646;10:31:23.646;0:19.701;0:26.213;0:17.151;;Dan TICKTUM;;;A;ERT Formula E Team;Electric Racing Technologies;;false;
33;1;9;1:02.943;2;;19.656;2;26.070;2;17.217;0;134.0;12:26.589;10:32:26.589;0:19.656;0:26.070;0:17.217;;Dan TICKTUM;;;A;ERT Formula E Team;Electric Racing Technologies;;false;
4;1;1;1:24.847;0;;33.309;0;31.816;0;19.722;0;99.4;1:24.847;10:21:24.847;0:33.309;0:31.816;0:19.722;;Joel ERIKSSON;0:00:06.710;;A;Envision Racing;Jaguar;;false;
4;1;2;1:11.214;0;;21.968;0;29.922;0;19.324;0;118.4;2:36.061;10:22:36.061;0:21.968;0:29.922;0:19.324;;Joel ERIKSSON;;;A;Envision Racing;Jaguar;;false;
4;1;3;1:03.260;0;;19.943;0;26.220;0;17.097;0;133.3;3:39.321;10:23:39.321;0:19.943;0:26.220;0:17.097;;Joel ERIKSSON;;;A;Envision Racing;Jaguar;;false;
4;1;4;1:03.094;2;;19.746;0;26.194;0;17.154;0;133.7;4:42.415;10:24:42.415;0:19.746;0:26.194;0:17.154;;Joel ERIKSSON;;;A;Envision Racing;Jaguar;;false;
4;1;5;1:18.498;0;B;20.181;0;26.918;0;31.399;0;107.5;6:00.913;10:26:00.913;0:20.181;0:26.918;0:31.399;;Joel ERIKSSON;;;A;Envision Racing;Jaguar;;false;
4;1;6;2:53.116;0;;2:02.338;0;30.728;0;20.050;0;48.7;8:54.029;10:28:54.029;2:02.338;0:30.728;0:20.050;;Joel ERIKSSON;0:01:51.548;;A;Envision Racing;Jaguar;;false;
4;1;7;1:15.925;0;;22.696;0;32.101;0;21.128;0;111.1;10:09.954;10:30:09.954;0:22.696;0:32.101;0:21.128;;Joel ERIKSSON;;;A;Envision Racing;Jaguar;;false;
4;1;8;1:03.268;0;;19.959;0;26.144;2;17.165;0;133.3;11:13.222;10:31:13.222;0:19.959;0:26.144;0:17.165;;Joel ERIKSSON;;;A;Envision Racing;Jaguar;;false;
4;1;9;1:03.125;0;;19.709;2;26.345;0;17.071;2;133.6;12:16.347;10:32:16.347;0:19.709;0:26.345;0:17.071;;Joel ERIKSSON;;;A;Envision Racing;Jaguar;;false;
48;1;1;1:39.621;0;;47.945;0;31.542;0;20.134;0;84.7;1:39.621;10:21:39.621;0:47.945;0:31.542;0:20.134;;Edoardo MORTARA;0:00:22.842;;A;MAHINDRA RACING;Mahindra Racing;;false;
48;1;2;1:25.489;0;;22.786;0;30.646;0;32.057;0;98.7;3:05.110;10:23:05.110;0:22.786;0:30.646;0:32.057;;Edoardo MORTARA;;;A;MAHINDRA RACING;Mahindra Racing;;false;
48;1;3;1:03.573;0;;19.870;0;26.129;0;17.574;0;132.7;4:08.683;10:24:08.683;0:19.870;0:26.129;0:17.574;;Edoardo MORTARA;;;A;MAHINDRA RACING;Mahindra Racing;;false;
48;1;4;1:02.887;0;;19.746;0;26.012;3;17.129;0;134.1;5:11.570;10:25:11.570;0:19.746;0:26.012;0:17.129;;Edoardo MORTARA;;;A;MAHINDRA RACING;Mahindra Racing;;false;
48;1;5;2:56.696;0;B;21.576;0;27.026;0;2:08.094;0;47.7;8:08.266;10:28:08.266;0:21.576;0:27.026;2:08.094;;Edoardo MORTARA;;;A;MAHINDRA RACING;Mahindra Racing;;false;
48;1;6;1:18.662;0;;29.579;0;29.191;0;19.892;0;107.2;9:26.928;10:29:26.928;0:29.579;0:29.191;0:19.892;;Edoardo MORTARA;0:01:56.633;;A;MAHINDRA RACING;Mahindra Racing;;false;
48;1;7;1:11.879;0;;21.945;0;28.872;0;21.062;0;117.3;10:38.807;10:30:38.807;0:21.945;0:28.872;0:21.062;;Edoardo MORTARA;;;A;MAHINDRA RACING;Mahindra Racing;;false;
48;1;8;1:02.816;0;;19.630;0;26.078;0;17.108;0;134.3;11:41.623;10:31:41.623;0:19.630;0:26.078;0:17.108;;Edoardo MORTARA;;;A;MAHINDRA RACING;Mahindra Racing;;false;
48;1;9;1:02.619;3;;19.616;2;26.015;0;16.988;2;134.7;12:44.242;10:32:44.242;0:19.616;0:26.015;0:16.988;;Edoardo MORTARA;;;A;MAHINDRA RACING;Mahindra Racing;;false;
9;1;1;1:26.018;0;;36.646;0;29.997;0;19.375;0;98.1;1:26.018;10:21:26.018;0:36.646;0:29.997;0:19.375;;Mitch EVANS;0:00:09.647;;A;Jaguar TCS Racing;Jaguar;;false;
9;1;2;1:13.827;0;;22.149;0;29.591;0;22.087;0;114.3;2:39.845;10:22:39.845;0:22.149;0:29.591;0:22.087;;Mitch EVANS;;;A;Jaguar TCS Racing;Jaguar;;false;
9;1;3;1:03.179;0;;19.832;0;26.204;0;17.143;0;133.5;3:43.024;10:23:43.024;0:19.832;0:26.204;0:17.143;;Mitch EVANS;;;A;Jaguar TCS Racing;Jaguar;;false;
9;1;4;1:18.918;0;B;19.760;2;26.061;2;33.097;0;106.9;5:01.942;10:25:01.942;0:19.760;0:26.061;0:33.097;;Mitch EVANS;;;A;Jaguar TCS Racing;Jaguar;;false;
9;1;5;2:45.576;0;;1:57.553;0;29.156;0;18.867;0;50.9;7:47.518;10:27:47.518;1:57.553;0:29.156;0:18.867;;Mitch EVANS;0:01:47.606;;A;Jaguar TCS Racing;Jaguar;;false;
9;1;6;1:13.138;0;;22.022;0;30.159;0;20.957;0;115.3;9:00.656;10:29:00.656;0:22.022;0:30.159;0:20.957;;Mitch EVANS;;;A;Jaguar TCS Racing;Jaguar;;false;
9;1;7;1:03.155;0;;19.906;0;26.204;0;17.045;0;133.6;10:03.811;10:30:03.811;0:19.906;0:26.204;0:17.045;;Mitch EVANS;;;A;Jaguar TCS Racing;Jaguar;;false;
9;1;8;1:30.533;0;;22.873;0;41.465;0;26.195;0;93.2;11:34.344;10:31:34.344;0:22.873;0:41.465;0:26.195;;Mitch EVANS;;;A;Jaguar TCS Racing;Jaguar;;false;
9;1;9;1:02.893;2;;19.761;0;26.162;0;16.970;2;134.1;12:37.237;10:32:37.237;0:19.761;0:26.162;0:16.970;;Mitch EVANS;;;A;Jaguar TCS Racing;Jaguar;;false;
94;1;1;1:27.161;0;;37.515;0;30.082;0;19.564;0;96.8;1:27.161;10:21:27.161;0:37.515;0:30.082;0:19.564;;Pascal WEHRLEIN;0:00:11.505;;A;TAG Heuer Porsche Formula E Team;Porsche;;false;
94;1;2;1:15.333;0;;21.815;0;29.432;0;24.086;0;112.0;2:42.494;10:22:42.494;0:21.815;0:29.432;0:24.086;;Pascal WEHRLEIN;;;A;TAG Heuer Porsche Formula E Team;Porsche;;false;
94;1;3;1:03.303;0;;19.830;0;26.446;0;17.027;0;133.2;3:45.797;10:23:45.797;0:19.830;0:26.446;0:17.027;;Pascal WEHRLEIN;;;A;TAG Heuer Porsche Formula E Team;Porsche;;false;
94;1;4;1:54.181;0;B;19.892;0;26.264;0;1:08.025;0;73.9;5:39.978;10:25:39.978;0:19.892;0:26.264;1:08.025;;Pascal WEHRLEIN;;;A;TAG Heuer Porsche Formula E Team;Porsche;;false;
94;1;5;2:11.277;0;;1:23.291;0;28.997;0;18.989;0;64.3;7:51.255;10:27:51.255;1:23.291;0:28.997;0:18.989;;Pascal WEHRLEIN;0:01:50.145;;A;TAG Heuer Porsche Formula E Team;Porsche;;false;
94;1;6;1:16.988;0;;21.380;0;27.945;0;27.663;0;109.6;9:08.243;10:29:08.243;0:21.380;0:27.945;0:27.663;;Pascal WEHRLEIN;;;A;TAG Heuer Porsche Formula E Team;Porsche;;false;
94;1;7;1:02.771;2;;19.660;2;26.142;2;16.969;3;134.4;10:11.014;10:30:11.014;0:19.660;0:26.142;0:16.969;;Pascal WEHRLEIN;;;A;TAG Heuer Porsche Formula E Team;Porsche;;false;
94;1;8;1:13.268;0;;21.305;0;30.912;0;21.051;0;115.1;11:24.282;10:31:24.282;0:21.305;0:30.912;0:21.051;;Pascal WEHRLEIN;;;A;TAG Heuer Porsche Formula E Team;Porsche;;false;
94;1;9;1:02.857;0;;19.691;0;26.187;0;16.979;0;134.2;12:27.139;10:32:27.139;0:19.691;0:26.187;0:16.979;;Pascal WEHRLEIN;;;A;TAG Heuer Porsche Formula E Team;Porsche;;false;
