﻿NUMBER; DRIVER_NUMBER; LAP_NUMBER; LAP_TIME; LAP_IMPROVEMENT; CROSSING_FINISH_LINE_IN_PIT; S1; S1_IMPROVEMENT; S2; S2_IMPROVEMENT; S3; S3_IMPROVEMENT; KPH; ELAPSED; HOUR;S1_LARGE;S2_LARGE;S3_LARGE;TOP_SPEED;DRIVER_NAME;PIT_TIME;CLASS;GROUP;TEAM;MANUFACTURER;POWER;FANBOOST;ATTACK_MODE;
1;1;1;2:54.727;0;;1:39.435;0;46.004;0;29.288;0;72.8;2:54.727;09:59:54.727;1:39.435;0:46.004;0:29.288;;Pascal WEHRLEIN;0:01:01.582;;B;TAG Heuer Porsche Formula E Team;PORSCHE;;false;false;
1;1;2;1:46.055;0;;35.649;0;42.700;0;27.706;0;120.5;4:40.782;10:01:40.782;0:35.649;0:42.700;0:27.706;;Pascal WEHRLEIN;;;B;TAG Heuer Porsche Formula E Team;PORSCHE;;false;false;
1;1;3;1:38.346;0;;31.785;0;37.807;0;28.754;0;130.0;6:19.128;10:03:19.128;0:31.785;0:37.807;0:28.754;;Pascal WEHRLEIN;;;B;TAG Heuer Porsche Formula E Team;PORSCHE;;false;false;
1;1;4;1:24.859;2;;28.448;0;33.295;0;23.116;2;150.6;7:43.987;10:04:43.987;0:28.448;0:33.295;0:23.116;;Pascal WEHRLEIN;;;B;TAG Heuer Porsche Formula E Team;PORSCHE;;false;false;
1;1;5;2:05.965;0;;47.705;0;49.863;0;28.397;0;101.5;9:49.952;10:06:49.952;0:47.705;0:49.863;0:28.397;;Pascal WEHRLEIN;;;B;TAG Heuer Porsche Formula E Team;PORSCHE;;false;false;
1;1;6;2:01.536;0;;38.887;0;43.191;0;39.458;0;105.2;11:51.488;10:08:51.488;0:38.887;0:43.191;0:39.458;;Pascal WEHRLEIN;;;B;TAG Heuer Porsche Formula E Team;PORSCHE;;false;false;
1;1;7;1:24.880;0;;28.425;2;33.129;3;23.326;0;150.6;13:16.368;10:10:16.368;0:28.425;0:33.129;0:23.326;;Pascal WEHRLEIN;;;B;TAG Heuer Porsche Formula E Team;PORSCHE;;false;false;
11;1;1;3:14.602;0;;1:51.634;0;48.814;0;34.154;0;65.3;3:14.602;10:00:14.602;1:51.634;0:48.814;0:34.154;;Lucas DI GRASSI;0:01:15.309;;B;LOLA YAMAHA ABT Formula E Team;LOLA;;false;false;
11;1;2;1:43.861;0;;37.661;0;38.731;0;27.469;0;123.1;4:58.463;10:01:58.463;0:37.661;0:38.731;0:27.469;;Lucas DI GRASSI;;;B;LOLA YAMAHA ABT Formula E Team;LOLA;;false;false;
11;1;3;1:33.917;0;;31.625;0;36.411;0;25.881;0;136.1;6:32.380;10:03:32.380;0:31.625;0:36.411;0:25.881;;Lucas DI GRASSI;;;B;LOLA YAMAHA ABT Formula E Team;LOLA;;false;false;
11;1;4;1:24.799;2;;28.359;2;33.250;0;23.190;2;150.8;7:57.179;10:04:57.179;0:28.359;0:33.250;0:23.190;;Lucas DI GRASSI;;;B;LOLA YAMAHA ABT Formula E Team;LOLA;;false;false;
11;1;5;1:56.777;0;;38.495;0;46.751;0;31.531;0;109.5;9:53.956;10:06:53.956;0:38.495;0:46.751;0:31.531;;Lucas DI GRASSI;;;B;LOLA YAMAHA ABT Formula E Team;LOLA;;false;false;
11;1;6;1:53.049;0;;37.873;0;42.285;0;32.891;0;113.1;11:47.005;10:08:47.005;0:37.873;0:42.285;0:32.891;;Lucas DI GRASSI;;;B;LOLA YAMAHA ABT Formula E Team;LOLA;;false;false;
17;1;1;2:35.660;0;;1:25.260;0;41.910;0;28.490;0;81.7;2:35.660;09:59:35.660;1:25.260;0:41.910;0:28.490;;Norman NATO;0:00:50.558;;B;Nissan Formula E Team;NISSAN;;false;false;
17;1;2;1:40.519;0;;33.178;0;39.467;0;27.874;0;127.2;4:16.179;10:01:16.179;0:33.178;0:39.467;0:27.874;;Norman NATO;;;B;Nissan Formula E Team;NISSAN;;false;false;
17;1;3;1:42.829;0;;32.293;0;39.894;0;30.642;0;124.3;5:59.008;10:02:59.008;0:32.293;0:39.894;0:30.642;;Norman NATO;;;B;Nissan Formula E Team;NISSAN;;false;false;
17;1;4;1:24.808;2;;28.449;2;33.143;2;23.216;2;150.7;7:23.816;10:04:23.816;0:28.449;0:33.143;0:23.216;;Norman NATO;;;B;Nissan Formula E Team;NISSAN;;false;false;
17;1;5;2:03.262;0;;39.220;0;53.150;0;30.892;0;103.7;9:27.078;10:06:27.078;0:39.220;0:53.150;0:30.892;;Norman NATO;;;B;Nissan Formula E Team;NISSAN;;false;false;
17;1;6;2:00.878;0;;37.057;0;47.416;0;36.405;0;105.8;11:27.956;10:08:27.956;0:37.057;0:47.416;0:36.405;;Norman NATO;;;B;Nissan Formula E Team;NISSAN;;false;false;
21;1;1;3:13.741;0;;2:05.643;0;40.278;0;27.820;0;65.6;3:13.741;10:00:13.741;2:05.643;0:40.278;0:27.820;;Nyck DE VRIES;0:01:32.723;;B;MAHINDRA RACING;MAHINDRA RACING;;false;false;
21;1;2;1:43.849;0;;35.570;0;40.242;0;28.037;0;123.1;4:57.590;10:01:57.590;0:35.570;0:40.242;0:28.037;;Nyck DE VRIES;;;B;MAHINDRA RACING;MAHINDRA RACING;;false;false;
21;1;3;1:39.336;0;;33.237;0;39.270;0;26.829;0;128.7;6:36.926;10:03:36.926;0:33.237;0:39.270;0:26.829;;Nyck DE VRIES;;;B;MAHINDRA RACING;MAHINDRA RACING;;false;false;
21;1;4;1:30.265;0;;30.763;0;35.094;0;24.408;0;141.6;8:07.191;10:05:07.191;0:30.763;0:35.094;0:24.408;;Nyck DE VRIES;;;B;MAHINDRA RACING;MAHINDRA RACING;;false;false;
21;1;5;1:24.832;2;;28.255;2;33.375;2;23.202;2;150.7;9:32.023;10:06:32.023;0:28.255;0:33.375;0:23.202;;Nyck DE VRIES;;;B;MAHINDRA RACING;MAHINDRA RACING;;false;false;
21;1;6;2:09.899;0;;37.653;0;53.844;0;38.402;0;98.4;11:41.922;10:08:41.922;0:37.653;0:53.844;0:38.402;;Nyck DE VRIES;;;B;MAHINDRA RACING;MAHINDRA RACING;;false;false;
25;1;1;2:33.825;0;;1:20.766;0;43.840;0;29.219;0;82.6;2:33.825;09:59:33.825;1:20.766;0:43.840;0:29.219;;Jean-Éric VERGNE;0:00:44.877;;B;DS PENSKE;STELLANTIS;;false;false;
25;1;2;1:43.531;0;;35.071;0;40.668;0;27.792;0;123.5;4:17.356;10:01:17.356;0:35.071;0:40.668;0:27.792;;Jean-Éric VERGNE;;;B;DS PENSKE;STELLANTIS;;false;false;
25;1;3;1:45.113;0;;33.871;0;39.873;0;31.369;0;121.6;6:02.469;10:03:02.469;0:33.871;0:39.873;0:31.369;;Jean-Éric VERGNE;;;B;DS PENSKE;STELLANTIS;;false;false;
25;1;4;1:25.309;0;;28.576;2;33.651;0;23.082;3;149.9;7:27.778;10:04:27.778;0:28.576;0:33.651;0:23.082;;Jean-Éric VERGNE;;;B;DS PENSKE;STELLANTIS;;false;false;
25;1;5;2:08.394;0;;41.661;0;53.563;0;33.170;0;99.6;9:36.172;10:06:36.172;0:41.661;0:53.563;0:33.170;;Jean-Éric VERGNE;;;B;DS PENSKE;STELLANTIS;;false;false;
25;1;6;2:09.197;0;;43.266;0;47.632;0;38.299;0;98.9;11:45.369;10:08:45.369;0:43.266;0:47.632;0:38.299;;Jean-Éric VERGNE;;;B;DS PENSKE;STELLANTIS;;false;false;
25;1;7;1:25.136;2;;28.578;0;33.343;2;23.215;0;150.2;13:10.505;10:10:10.505;0:28.578;0:33.343;0:23.215;;Jean-Éric VERGNE;;;B;DS PENSKE;STELLANTIS;;false;false;
33;1;1;2:28.410;0;;1:13.364;0;45.576;0;29.470;0;85.7;2:28.410;09:59:28.410;1:13.364;0:45.576;0:29.470;;Dan TICKTUM;0:00:33.400;;B;Cupra Kiro;PORSCHE;;false;false;
33;1;2;1:41.350;0;;33.969;0;38.972;0;28.409;0;126.1;4:09.760;10:01:09.760;0:33.969;0:38.972;0:28.409;;Dan TICKTUM;;;B;Cupra Kiro;PORSCHE;;false;false;
33;1;3;1:39.740;0;;32.013;0;39.510;0;28.217;0;128.2;5:49.500;10:02:49.500;0:32.013;0:39.510;0:28.217;;Dan TICKTUM;;;B;Cupra Kiro;PORSCHE;;false;false;
33;1;4;1:25.075;2;;28.444;2;33.291;2;23.340;2;150.3;7:14.575;10:04:14.575;0:28.444;0:33.291;0:23.340;;Dan TICKTUM;;;B;Cupra Kiro;PORSCHE;;false;false;
33;1;5;1:59.961;0;;39.270;0;48.164;0;32.527;0;106.6;9:14.536;10:06:14.536;0:39.270;0:48.164;0:32.527;;Dan TICKTUM;;;B;Cupra Kiro;PORSCHE;;false;false;
33;1;6;2:07.218;0;;42.231;0;52.270;0;32.717;0;100.5;11:21.754;10:08:21.754;0:42.231;0:52.270;0:32.717;;Dan TICKTUM;;;B;Cupra Kiro;PORSCHE;;false;false;
33;1;7;1:25.519;0;;28.560;0;33.464;0;23.495;0;149.5;12:47.273;10:09:47.273;0:28.560;0:33.464;0:23.495;;Dan TICKTUM;;;B;Cupra Kiro;PORSCHE;;false;false;
37;1;1;1:42.611;0;;38.237;0;38.539;0;25.835;0;123.9;1:42.611;09:58:42.611;0:38.237;0:38.539;0:25.835;;Nick CASSIDY;0:00:05.745;;B;Jaguar TCS Racing;JAGUAR;;false;false;
37;1;2;1:38.161;0;;31.033;0;36.236;0;30.892;0;130.2;3:20.772;10:00:20.772;0:31.033;0:36.236;0:30.892;;Nick CASSIDY;;;B;Jaguar TCS Racing;JAGUAR;;false;false;
37;1;3;1:50.551;0;;28.725;0;34.900;0;46.926;0;115.6;5:11.323;10:02:11.323;0:28.725;0:34.900;0:46.926;;Nick CASSIDY;;;B;Jaguar TCS Racing;JAGUAR;;false;false;
37;1;4;2:11.098;0;;45.252;0;52.862;0;32.984;0;97.5;7:22.421;10:04:22.421;0:45.252;0:52.862;0:32.984;;Nick CASSIDY;;;B;Jaguar TCS Racing;JAGUAR;;false;false;
37;1;5;1:25.336;0;;28.578;2;33.437;0;23.321;0;149.8;8:47.757;10:05:47.757;0:28.578;0:33.437;0:23.321;;Nick CASSIDY;;;B;Jaguar TCS Racing;JAGUAR;;false;false;
37;1;6;2:30.361;0;;52.038;0;1:05.318;0;33.005;0;85.0;11:18.118;10:08:18.118;0:52.038;1:05.318;0:33.005;;Nick CASSIDY;;;B;Jaguar TCS Racing;JAGUAR;;false;false;
37;1;7;1:25.073;2;;28.604;0;33.273;2;23.196;2;150.3;12:43.191;10:09:43.191;0:28.604;0:33.273;0:23.196;;Nick CASSIDY;;;B;Jaguar TCS Racing;JAGUAR;;false;false;
4;1;1;3:12.091;0;;1:27.522;0;1:04.723;0;39.846;0;66.2;3:12.091;10:00:12.091;1:27.522;1:04.723;0:39.846;;Robin FRIJNS;0:00:39.186;;B;Envision Racing;JAGUAR;;false;false;
4;1;2;1:57.183;0;;44.227;0;43.822;0;29.134;0;109.1;5:09.274;10:02:09.274;0:44.227;0:43.822;0:29.134;;Robin FRIJNS;;;B;Envision Racing;JAGUAR;;false;false;
4;1;3;1:36.040;0;;32.322;0;37.809;0;25.909;0;133.1;6:45.314;10:03:45.314;0:32.322;0:37.809;0:25.909;;Robin FRIJNS;;;B;Envision Racing;JAGUAR;;false;false;
4;1;4;1:25.108;0;;28.252;3;33.560;0;23.296;0;150.2;8:10.422;10:05:10.422;0:28.252;0:33.560;0:23.296;;Robin FRIJNS;;;B;Envision Racing;JAGUAR;;false;false;
4;1;5;1:59.777;0;;40.218;0;47.217;0;32.342;0;106.7;10:10.199;10:07:10.199;0:40.218;0:47.217;0:32.342;;Robin FRIJNS;;;B;Envision Racing;JAGUAR;;false;false;
4;1;6;1:46.907;0;;32.312;0;39.323;0;35.272;0;119.6;11:57.106;10:08:57.106;0:32.312;0:39.323;0:35.272;;Robin FRIJNS;;;B;Envision Racing;JAGUAR;;false;false;
4;1;7;1:24.756;3;;28.389;0;33.234;2;23.133;2;150.8;13:21.862;10:10:21.862;0:28.389;0:33.234;0:23.133;;Robin FRIJNS;;;B;Envision Racing;JAGUAR;;false;false;
5;1;1;2:46.741;0;;1:32.734;0;46.470;0;27.537;0;76.2;2:46.741;09:59:46.741;1:32.734;0:46.470;0:27.537;;Taylor BARNARD;0:00:51.849;;B;NEOM McLaren Formula E Team;NISSAN;;false;false;
5;1;2;1:41.956;0;;31.926;0;39.966;0;30.064;0;125.4;4:28.697;10:01:28.697;0:31.926;0:39.966;0:30.064;;Taylor BARNARD;;;B;NEOM McLaren Formula E Team;NISSAN;;false;false;
5;1;3;1:42.875;0;;31.788;0;40.450;0;30.637;0;124.3;6:11.572;10:03:11.572;0:31.788;0:40.450;0:30.637;;Taylor BARNARD;;;B;NEOM McLaren Formula E Team;NISSAN;;false;false;
5;1;4;1:24.971;0;;28.444;0;33.294;0;23.233;2;150.4;7:36.543;10:04:36.543;0:28.444;0:33.294;0:23.233;;Taylor BARNARD;;;B;NEOM McLaren Formula E Team;NISSAN;;false;false;
5;1;5;2:07.775;0;;42.632;0;52.808;0;32.335;0;100.0;9:44.318;10:06:44.318;0:42.632;0:52.808;0:32.335;;Taylor BARNARD;;;B;NEOM McLaren Formula E Team;NISSAN;;false;false;
5;1;6;2:10.377;0;;35.454;0;51.763;0;43.160;0;98.1;11:54.695;10:08:54.695;0:35.454;0:51.763;0:43.160;;Taylor BARNARD;;;B;NEOM McLaren Formula E Team;NISSAN;;false;false;
5;1;7;1:24.879;2;;28.297;2;33.227;2;23.355;0;150.6;13:19.574;10:10:19.574;0:28.297;0:33.227;0:23.355;;Taylor BARNARD;;;B;NEOM McLaren Formula E Team;NISSAN;;false;false;
7;1;1;2:29.394;0;;1:17.325;0;42.418;0;29.651;0;85.1;2:29.394;09:59:29.394;1:17.325;0:42.418;0:29.651;;Maximilian GÜNTHER;0:00:41.730;;B;DS PENSKE;STELLANTIS;;false;false;
7;1;2;1:41.635;0;;34.589;0;38.884;0;28.162;0;125.8;4:11.029;10:01:11.029;0:34.589;0:38.884;0:28.162;;Maximilian GÜNTHER;;;B;DS PENSKE;STELLANTIS;;false;false;
7;1;3;1:41.992;0;;32.094;0;39.885;0;30.013;0;125.3;5:53.021;10:02:53.021;0:32.094;0:39.885;0:30.013;;Maximilian GÜNTHER;;;B;DS PENSKE;STELLANTIS;;false;false;
7;1;4;1:26.036;0;;28.588;2;33.500;0;23.948;0;148.6;7:19.057;10:04:19.057;0:28.588;0:33.500;0:23.948;;Maximilian GÜNTHER;;;B;DS PENSKE;STELLANTIS;;false;false;
7;1;5;2:07.802;0;;41.965;0;52.819;0;33.018;0;100.0;9:26.859;10:06:26.859;0:41.965;0:52.819;0:33.018;;Maximilian GÜNTHER;;;B;DS PENSKE;STELLANTIS;;false;false;
7;1;6;2:05.284;0;;40.075;0;47.365;0;37.844;0;102.0;11:32.143;10:08:32.143;0:40.075;0:47.365;0:37.844;;Maximilian GÜNTHER;;;B;DS PENSKE;STELLANTIS;;false;false;
7;1;7;1:25.552;2;;28.709;0;33.479;2;23.364;2;149.4;12:57.695;10:09:57.695;0:28.709;0:33.479;0:23.364;;Maximilian GÜNTHER;;;B;DS PENSKE;STELLANTIS;;false;false;
8;1;1;2:36.841;0;;1:26.116;0;42.376;0;28.349;0;81.0;2:36.841;09:59:36.841;1:26.116;0:42.376;0:28.349;;Sam BIRD;0:00:52.638;;B;NEOM McLaren Formula E Team;NISSAN;;false;false;
8;1;2;1:42.755;0;;33.677;0;40.048;0;29.030;0;124.4;4:19.596;10:01:19.596;0:33.677;0:40.048;0:29.030;;Sam BIRD;;;B;NEOM McLaren Formula E Team;NISSAN;;false;false;
8;1;3;1:47.604;0;;33.245;0;42.607;0;31.752;0;118.8;6:07.200;10:03:07.200;0:33.245;0:42.607;0:31.752;;Sam BIRD;;;B;NEOM McLaren Formula E Team;NISSAN;;false;false;
8;1;4;1:25.445;0;;28.665;0;33.438;0;23.342;2;149.6;7:32.645;10:04:32.645;0:28.665;0:33.438;0:23.342;;Sam BIRD;;;B;NEOM McLaren Formula E Team;NISSAN;;false;false;
8;1;5;1:59.199;0;;39.022;0;49.016;0;31.161;0;107.2;9:31.844;10:06:31.844;0:39.022;0:49.016;0:31.161;;Sam BIRD;;;B;NEOM McLaren Formula E Team;NISSAN;;false;false;
8;1;6;2:05.613;0;;36.111;0;51.365;0;38.137;0;101.8;11:37.457;10:08:37.457;0:36.111;0:51.365;0:38.137;;Sam BIRD;;;B;NEOM McLaren Formula E Team;NISSAN;;false;false;
8;1;7;1:25.328;2;;28.504;2;33.412;2;23.412;0;149.8;13:02.785;10:10:02.785;0:28.504;0:33.412;0:23.412;;Sam BIRD;;;B;NEOM McLaren Formula E Team;NISSAN;;false;false;
