﻿NUMBER; DRIVER_NUMBER; LAP_NUMBER; LAP_TIME; LAP_IMPROVEMENT; CROSSING_FINISH_LINE_IN_PIT; S1; S1_IMPROVEMENT; S2; S2_IMPROVEMENT; S3; S3_IMPROVEMENT; KPH; ELAPSED; HOUR;S1_LARGE;S2_LARGE;S3_LARGE;TOP_SPEED;DRIVER_NAME;PIT_TIME;CLASS;GROUP;TEAM;MANUFACTURER;POWER;FANBOOST;ATTACK_MODE;
13;1;1;3:46.412;0;;2:35.173;0;43.555;0;27.684;0;56.1;3:46.412;09:43:46.412;2:35.173;0:43.555;0:27.684;;António Félix DA COSTA;0:01:58.780;;A;TAG Heuer Porsche Formula E Team;PORSCHE;;false;false;
13;1;2;1:40.662;0;;35.007;0;39.457;0;26.198;0;127.0;5:27.074;09:45:27.074;0:35.007;0:39.457;0:26.198;;António Félix DA COSTA;;;A;TAG Heuer Porsche Formula E Team;PORSCHE;;false;false;
13;1;3;1:35.352;0;;31.408;0;37.161;0;26.783;0;134.1;7:02.426;09:47:02.426;0:31.408;0:37.161;0:26.783;;António Félix DA COSTA;;;A;TAG Heuer Porsche Formula E Team;PORSCHE;;false;false;
13;1;4;1:24.796;3;;28.373;2;33.277;2;23.146;2;150.8;8:27.222;09:48:27.222;0:28.373;0:33.277;0:23.146;;António Félix DA COSTA;;;A;TAG Heuer Porsche Formula E Team;PORSCHE;;false;false;
13;1;5;2:40.069;0;;44.735;0;1:16.675;0;38.659;0;79.9;11:07.291;09:51:07.291;0:44.735;1:16.675;0:38.659;;António Félix DA COSTA;;;A;TAG Heuer Porsche Formula E Team;PORSCHE;;false;false;
16;1;1;3:38.917;0;;1:36.309;0;1:15.289;0;47.319;0;58.1;3:38.917;09:43:38.917;1:36.309;1:15.289;0:47.319;;Sébastien BUEMI;0:00:47.212;;A;Envision Racing;JAGUAR;;false;false;
16;1;2;2:02.637;0;;46.183;0;47.540;0;28.914;0;104.2;5:41.554;09:45:41.554;0:46.183;0:47.540;0:28.914;;Sébastien BUEMI;;;A;Envision Racing;JAGUAR;;false;false;
16;1;3;1:43.882;0;;33.999;0;40.332;0;29.551;0;123.1;7:25.436;09:47:25.436;0:33.999;0:40.332;0:29.551;;Sébastien BUEMI;;;A;Envision Racing;JAGUAR;;false;false;
16;1;4;1:24.989;2;;28.698;0;33.145;3;23.146;0;150.4;8:50.425;09:48:50.425;0:28.698;0:33.145;0:23.146;;Sébastien BUEMI;;;A;Envision Racing;JAGUAR;;false;false;
16;1;5;2:24.400;0;;48.213;0;1:01.769;0;34.418;0;88.5;11:14.825;09:51:14.825;0:48.213;1:01.769;0:34.418;;Sébastien BUEMI;;;A;Envision Racing;JAGUAR;;false;false;
16;1;6;1:25.102;0;;28.609;2;33.465;0;23.028;3;150.2;12:39.927;09:52:39.927;0:28.609;0:33.465;0:23.028;;Sébastien BUEMI;;;A;Envision Racing;JAGUAR;;false;false;
2;1;1;3:00.486;0;;1:47.082;0;43.659;0;29.745;0;70.4;3:00.486;09:43:00.486;1:47.082;0:43.659;0:29.745;;Stoffel VANDOORNE;0:01:12.877;;A;Maserati MSG Racing;STELLANTIS;;false;false;
2;1;2;1:42.138;0;;34.289;0;38.871;0;28.978;0;125.2;4:42.624;09:44:42.624;0:34.289;0:38.871;0:28.978;;Stoffel VANDOORNE;;;A;Maserati MSG Racing;STELLANTIS;;false;false;
2;1;3;1:43.478;0;;31.490;0;39.140;0;32.848;0;123.5;6:26.102;09:46:26.102;0:31.490;0:39.140;0:32.848;;Stoffel VANDOORNE;;;A;Maserati MSG Racing;STELLANTIS;;false;false;
2;1;4;1:25.203;0;;28.589;0;33.417;0;23.197;0;150.0;7:51.305;09:47:51.305;0:28.589;0:33.417;0:23.197;;Stoffel VANDOORNE;;;A;Maserati MSG Racing;STELLANTIS;;false;false;
2;1;5;1:58.508;0;;39.666;0;48.021;0;30.821;0;107.9;9:49.813;09:49:49.813;0:39.666;0:48.021;0:30.821;;Stoffel VANDOORNE;;;A;Maserati MSG Racing;STELLANTIS;;false;false;
2;1;6;1:56.532;0;;34.330;0;43.018;0;39.184;0;109.7;11:46.345;09:51:46.345;0:34.330;0:43.018;0:39.184;;Stoffel VANDOORNE;;;A;Maserati MSG Racing;STELLANTIS;;false;false;
2;1;7;1:24.836;2;;28.423;2;33.267;2;23.146;2;150.7;13:11.181;09:53:11.181;0:28.423;0:33.267;0:23.146;;Stoffel VANDOORNE;;;A;Maserati MSG Racing;STELLANTIS;;false;false;
22;1;1;2:55.118;0;;1:40.079;0;44.987;0;30.052;0;72.6;2:55.118;09:42:55.118;1:40.079;0:44.987;0:30.052;;Zane MALONEY;0:01:03.930;;A;LOLA YAMAHA ABT Formula E Team;LOLA;;false;false;
22;1;2;1:39.541;0;;33.509;0;39.007;0;27.025;0;128.4;4:34.659;09:44:34.659;0:33.509;0:39.007;0:27.025;;Zane MALONEY;;;A;LOLA YAMAHA ABT Formula E Team;LOLA;;false;false;
22;1;3;1:42.610;0;;31.741;0;40.078;0;30.791;0;124.6;6:17.269;09:46:17.269;0:31.741;0:40.078;0:30.791;;Zane MALONEY;;;A;LOLA YAMAHA ABT Formula E Team;LOLA;;false;false;
22;1;4;1:25.250;2;;28.548;2;33.589;0;23.113;2;150.0;7:42.519;09:47:42.519;0:28.548;0:33.589;0:23.113;;Zane MALONEY;;;A;LOLA YAMAHA ABT Formula E Team;LOLA;;false;false;
22;1;5;2:05.442;0;;41.758;0;53.076;0;30.608;0;101.9;9:47.961;09:49:47.961;0:41.758;0:53.076;0:30.608;;Zane MALONEY;;;A;LOLA YAMAHA ABT Formula E Team;LOLA;;false;false;
22;1;6;1:53.597;0;;36.310;0;44.128;0;33.159;0;112.5;11:41.558;09:51:41.558;0:36.310;0:44.128;0:33.159;;Zane MALONEY;;;A;LOLA YAMAHA ABT Formula E Team;LOLA;;false;false;
22;1;7;1:25.518;0;;28.602;0;33.564;2;23.352;0;149.5;13:07.076;09:53:07.076;0:28.602;0:33.564;0:23.352;;Zane MALONEY;;;A;LOLA YAMAHA ABT Formula E Team;LOLA;;false;false;
23;1;1;2:41.452;0;;1:31.097;0;42.601;0;27.754;0;78.7;2:41.452;09:42:41.452;1:31.097;0:42.601;0:27.754;;Oliver ROWLAND;0:00:50.528;;A;Nissan Formula E Team;NISSAN;;false;false;
23;1;2;1:34.685;0;;32.164;0;36.661;0;25.860;0;135.0;4:16.137;09:44:16.137;0:32.164;0:36.661;0:25.860;;Oliver ROWLAND;;;A;Nissan Formula E Team;NISSAN;;false;false;
23;1;3;1:36.633;0;;31.379;0;37.970;0;27.284;0;132.3;5:52.770;09:45:52.770;0:31.379;0:37.970;0:27.284;;Oliver ROWLAND;;;A;Nissan Formula E Team;NISSAN;;false;false;
23;1;4;1:25.061;2;;28.315;3;33.429;2;23.317;2;150.3;7:17.831;09:47:17.831;0:28.315;0:33.429;0:23.317;;Oliver ROWLAND;;;A;Nissan Formula E Team;NISSAN;;false;false;
23;1;5;2:02.381;0;;38.516;0;48.053;0;35.812;0;104.5;9:20.212;09:49:20.212;0:38.516;0:48.053;0:35.812;;Oliver ROWLAND;;;A;Nissan Formula E Team;NISSAN;;false;false;
23;1;6;2:02.461;0;;41.328;0;48.389;0;32.744;0;104.4;11:22.673;09:51:22.673;0:41.328;0:48.389;0:32.744;;Oliver ROWLAND;;;A;Nissan Formula E Team;NISSAN;;false;false;
23;1;7;1:57.211;0;B;28.530;0;36.963;0;51.718;0;109.1;13:19.884;09:53:19.884;0:28.530;0:36.963;0:51.718;;Oliver ROWLAND;;;A;Nissan Formula E Team;NISSAN;;false;false;
27;1;1;2:40.223;0;;1:31.612;0;41.237;0;27.374;0;79.3;2:40.223;09:42:40.223;1:31.612;0:41.237;0:27.374;;Jake DENNIS;0:00:55.218;;A;Andretti Formula E;PORSCHE;;false;false;
27;1;2;1:35.518;0;;31.677;0;37.725;0;26.116;0;133.8;4:15.741;09:44:15.741;0:31.677;0:37.725;0:26.116;;Jake DENNIS;;;A;Andretti Formula E;PORSCHE;;false;false;
27;1;3;1:45.656;0;;31.561;0;41.694;0;32.401;0;121.0;6:01.397;09:46:01.397;0:31.561;0:41.694;0:32.401;;Jake DENNIS;;;A;Andretti Formula E;PORSCHE;;false;false;
27;1;4;1:24.901;2;;28.442;2;33.323;0;23.136;2;150.6;7:26.298;09:47:26.298;0:28.442;0:33.323;0:23.136;;Jake DENNIS;;;A;Andretti Formula E;PORSCHE;;false;false;
27;1;5;2:05.191;0;;41.030;0;49.576;0;34.585;0;102.1;9:31.489;09:49:31.489;0:41.030;0:49.576;0:34.585;;Jake DENNIS;;;A;Andretti Formula E;PORSCHE;;false;false;
27;1;6;1:58.084;0;;36.913;0;48.890;0;32.281;0;108.3;11:29.573;09:51:29.573;0:36.913;0:48.890;0:32.281;;Jake DENNIS;;;A;Andretti Formula E;PORSCHE;;false;false;
27;1;7;1:24.995;0;;28.531;0;33.275;2;23.189;0;150.4;12:54.568;09:52:54.568;0:28.531;0:33.275;0:23.189;;Jake DENNIS;;;A;Andretti Formula E;PORSCHE;;false;false;
3;1;1;2:31.294;0;;1:18.050;0;44.035;0;29.209;0;84.0;2:31.294;09:42:31.294;1:18.050;0:44.035;0:29.209;;David BECKMANN;0:00:44.825;;A;Cupra Kiro;PORSCHE;;false;false;
3;1;2;1:44.112;0;;35.173;0;41.512;0;27.427;0;122.8;4:15.406;09:44:15.406;0:35.173;0:41.512;0:27.427;;David BECKMANN;;;A;Cupra Kiro;PORSCHE;;false;false;
3;1;3;1:41.548;0;;31.620;0;39.271;0;30.657;0;125.9;5:56.954;09:45:56.954;0:31.620;0:39.271;0:30.657;;David BECKMANN;;;A;Cupra Kiro;PORSCHE;;false;false;
3;1;4;1:24.935;2;;28.558;0;33.284;2;23.093;2;150.5;7:21.889;09:47:21.889;0:28.558;0:33.284;0:23.093;;David BECKMANN;;;A;Cupra Kiro;PORSCHE;;false;false;
3;1;5;1:59.528;0;;36.620;0;47.716;0;35.192;0;107.0;9:21.417;09:49:21.417;0:36.620;0:47.716;0:35.192;;David BECKMANN;;;A;Cupra Kiro;PORSCHE;;false;false;
3;1;6;2:03.963;0;;41.552;0;48.930;0;33.481;0;103.1;11:25.380;09:51:25.380;0:41.552;0:48.930;0:33.481;;David BECKMANN;;;A;Cupra Kiro;PORSCHE;;false;false;
3;1;7;1:25.266;0;;28.477;2;33.526;0;23.263;0;149.9;12:50.646;09:52:50.646;0:28.477;0:33.526;0:23.263;;David BECKMANN;;;A;Cupra Kiro;PORSCHE;;false;false;
48;1;1;3:26.349;0;;2:13.419;0;42.747;0;30.183;0;61.6;3:26.349;09:43:26.349;2:13.419;0:42.747;0:30.183;;Edoardo MORTARA;0:01:38.182;;A;MAHINDRA RACING;MAHINDRA RACING;;false;false;
48;1;2;1:41.215;0;;34.781;0;39.280;0;27.154;0;126.3;5:07.564;09:45:07.564;0:34.781;0:39.280;0:27.154;;Edoardo MORTARA;;;A;MAHINDRA RACING;MAHINDRA RACING;;false;false;
48;1;3;1:36.616;0;;32.406;0;37.585;0;26.625;0;132.3;6:44.180;09:46:44.180;0:32.406;0:37.585;0:26.625;;Edoardo MORTARA;;;A;MAHINDRA RACING;MAHINDRA RACING;;false;false;
48;1;4;1:32.705;0;;31.739;0;36.758;0;24.208;0;137.9;8:16.885;09:48:16.885;0:31.739;0:36.758;0:24.208;;Edoardo MORTARA;;;A;MAHINDRA RACING;MAHINDRA RACING;;false;false;
48;1;5;1:34.710;0;;32.888;0;37.004;0;24.818;0;135.0;9:51.595;09:49:51.595;0:32.888;0:37.004;0:24.818;;Edoardo MORTARA;;;A;MAHINDRA RACING;MAHINDRA RACING;;false;false;
48;1;6;1:24.959;2;;28.576;2;33.172;2;23.211;2;150.5;11:16.554;09:51:16.554;0:28.576;0:33.172;0:23.211;;Edoardo MORTARA;;;A;MAHINDRA RACING;MAHINDRA RACING;;false;false;
51;1;1;2:42.318;0;;1:32.750;0;41.549;0;28.019;0;78.3;2:42.318;09:42:42.318;1:32.750;0:41.549;0:28.019;;Nico MÜLLER;0:00:56.564;;A;Andretti Formula E;PORSCHE;;false;false;
51;1;2;1:41.508;0;;31.769;0;43.091;0;26.648;0;125.9;4:23.826;09:44:23.826;0:31.769;0:43.091;0:26.648;;Nico MÜLLER;;;A;Andretti Formula E;PORSCHE;;false;false;
51;1;3;1:43.703;0;;30.865;0;36.529;0;36.309;0;123.3;6:07.529;09:46:07.529;0:30.865;0:36.529;0:36.309;;Nico MÜLLER;;;A;Andretti Formula E;PORSCHE;;false;false;
51;1;4;1:25.203;2;;28.571;2;33.581;0;23.051;2;150.0;7:32.732;09:47:32.732;0:28.571;0:33.581;0:23.051;;Nico MÜLLER;;;A;Andretti Formula E;PORSCHE;;false;false;
51;1;5;2:03.523;0;;40.421;0;50.657;0;32.445;0;103.5;9:36.255;09:49:36.255;0:40.421;0:50.657;0:32.445;;Nico MÜLLER;;;A;Andretti Formula E;PORSCHE;;false;false;
51;1;6;1:58.396;0;;35.375;0;47.608;0;35.413;0;108.0;11:34.651;09:51:34.651;0:35.375;0:47.608;0:35.413;;Nico MÜLLER;;;A;Andretti Formula E;PORSCHE;;false;false;
51;1;7;1:25.504;0;;28.812;0;33.530;2;23.162;0;149.5;13:00.155;09:53:00.155;0:28.812;0:33.530;0:23.162;;Nico MÜLLER;;;A;Andretti Formula E;PORSCHE;;false;false;
55;1;1;3:06.504;0;;1:49.877;0;46.370;0;30.257;0;68.2;3:06.504;09:43:06.504;1:49.877;0:46.370;0:30.257;;Jake HUGHES;0:01:14.516;;A;Maserati MSG Racing;STELLANTIS;;false;false;
55;1;2;1:45.007;0;;35.261;0;41.430;0;28.316;0;121.7;4:51.511;09:44:51.511;0:35.261;0:41.430;0:28.316;;Jake HUGHES;;;A;Maserati MSG Racing;STELLANTIS;;false;false;
55;1;3;1:42.920;0;;34.680;0;40.116;0;28.124;0;124.2;6:34.431;09:46:34.431;0:34.680;0:40.116;0:28.124;;Jake HUGHES;;;A;Maserati MSG Racing;STELLANTIS;;false;false;
55;1;4;1:35.502;0;;31.800;0;37.235;0;26.467;0;133.9;8:09.933;09:48:09.933;0:31.800;0:37.235;0:26.467;;Jake HUGHES;;;A;Maserati MSG Racing;STELLANTIS;;false;false;
55;1;5;1:25.359;2;;28.674;0;33.466;2;23.219;2;149.8;9:35.292;09:49:35.292;0:28.674;0:33.466;0:23.219;;Jake HUGHES;;;A;Maserati MSG Racing;STELLANTIS;;false;false;
55;1;6;1:55.034;0;;40.741;0;43.333;0;30.960;0;111.1;11:30.326;09:51:30.326;0:40.741;0:43.333;0:30.960;;Jake HUGHES;;;A;Maserati MSG Racing;STELLANTIS;;false;false;
55;1;7;1:25.593;0;;28.659;2;33.709;0;23.225;0;149.4;12:55.919;09:52:55.919;0:28.659;0:33.709;0:23.225;;Jake HUGHES;;;A;Maserati MSG Racing;STELLANTIS;;false;false;
9;1;1;2:51.743;0;;1:35.507;0;45.789;0;30.447;0;74.0;2:51.743;09:42:51.743;1:35.507;0:45.789;0:30.447;;Mitch EVANS;0:00:57.565;;A;Jaguar TCS Racing;JAGUAR;;false;false;
9;1;2;1:40.038;0;;34.864;0;38.892;0;26.282;0;127.8;4:31.781;09:44:31.781;0:34.864;0:38.892;0:26.282;;Mitch EVANS;;;A;Jaguar TCS Racing;JAGUAR;;false;false;
9;1;3;1:40.939;0;;32.552;0;36.988;0;31.399;0;126.6;6:12.720;09:46:12.720;0:32.552;0:36.988;0:31.399;;Mitch EVANS;;;A;Jaguar TCS Racing;JAGUAR;;false;false;
9;1;4;1:25.090;0;;28.454;2;33.386;0;23.250;2;150.2;7:37.810;09:47:37.810;0:28.454;0:33.386;0:23.250;;Mitch EVANS;;;A;Jaguar TCS Racing;JAGUAR;;false;false;
9;1;5;2:08.739;0;;42.208;0;54.422;0;32.109;0;99.3;9:46.549;09:49:46.549;0:42.208;0:54.422;0:32.109;;Mitch EVANS;;;A;Jaguar TCS Racing;JAGUAR;;false;false;
9;1;6;1:51.284;0;;36.592;0;41.544;0;33.148;0;114.9;11:37.833;09:51:37.833;0:36.592;0:41.544;0:33.148;;Mitch EVANS;;;A;Jaguar TCS Racing;JAGUAR;;false;false;
9;1;7;1:25.047;2;;28.599;0;33.179;2;23.269;0;150.3;13:02.880;09:53:02.880;0:28.599;0:33.179;0:23.269;;Mitch EVANS;;;A;Jaguar TCS Racing;JAGUAR;;false;false;
