﻿NUMBER; DRIVER_NUMBER; LAP_NUMBER; LAP_TIME; LAP_IMPROVEMENT; CROSSING_FINISH_LINE_IN_PIT; S1; S1_IMPROVEMENT; S2; S2_IMPROVEMENT; S3; S3_IMPROVEMENT; KPH; ELAPSED; HOUR;S1_LARGE;S2_LARGE;S3_LARGE;TOP_SPEED;DRIVER_NAME;PIT_TIME;CLASS;GROUP;TEAM;MANUFACTURER;POWER;FANBOOST;
1;1;1;2:01.449;0;;47.837;0;42.739;0;30.873;0;98.9;2:01.449;10:59:01.449;0:47.837;0:42.739;0:30.873;;Jake DENNIS;0:00:13.300;;B;Andretti Formula E;Porsche;;false;
1;1;2;1:31.495;0;;26.955;0;38.640;0;25.900;0;131.3;3:32.944;11:00:32.944;0:26.955;0:38.640;0:25.900;;Jake DENNIS;;;B;Andretti Formula E;Porsche;;false;
1;1;3;3:34.478;0;B;27.524;0;38.973;0;2:27.981;0;56.0;7:07.422;11:04:07.422;0:27.524;0:38.973;2:27.981;;Jake DENNIS;;;B;Andretti Formula E;Porsche;;false;
1;1;4;1:41.241;0;;31.881;0;40.553;0;28.807;0;118.7;8:48.663;11:05:48.663;0:31.881;0:40.553;0:28.807;;Jake DENNIS;0:02:09.779;;B;Andretti Formula E;Porsche;;false;
1;1;5;1:31.602;0;;26.966;0;38.610;2;26.026;0;131.1;10:20.265;11:07:20.265;0:26.966;0:38.610;0:26.026;;Jake DENNIS;;;B;Andretti Formula E;Porsche;;false;
1;1;6;1:39.583;0;;28.854;0;41.403;0;29.326;0;120.6;11:59.848;11:08:59.848;0:28.854;0:41.403;0:29.326;;Jake DENNIS;;;B;Andretti Formula E;Porsche;;false;
1;1;7;1:31.370;2;;26.908;2;38.626;0;25.836;2;131.5;13:31.218;11:10:31.218;0:26.908;0:38.626;0:25.836;;Jake DENNIS;;;B;Andretti Formula E;Porsche;;false;
16;1;1;1:53.319;0;;42.801;0;41.541;0;28.977;0;106.0;1:53.319;10:58:53.319;0:42.801;0:41.541;0:28.977;;Sébastien BUEMI;0:00:09.850;;B;Envision Racing;Jaguar;;false;
16;1;2;1:31.426;0;;27.103;0;38.565;0;25.758;0;131.4;3:24.745;11:00:24.745;0:27.103;0:38.565;0:25.758;;Sébastien BUEMI;;;B;Envision Racing;Jaguar;;false;
16;1;3;4:04.045;0;B;27.043;0;38.765;0;2:58.237;0;49.2;7:28.790;11:04:28.790;0:27.043;0:38.765;2:58.237;;Sébastien BUEMI;;;B;Envision Racing;Jaguar;;false;
16;1;4;1:49.660;0;;35.270;0;43.869;0;30.521;0;109.5;9:18.450;11:06:18.450;0:35.270;0:43.869;0:30.521;;Sébastien BUEMI;0:02:39.670;;B;Envision Racing;Jaguar;;false;
16;1;5;1:40.277;0;;30.101;0;41.358;0;28.818;0;119.8;10:58.727;11:07:58.727;0:30.101;0:41.358;0:28.818;;Sébastien BUEMI;;;B;Envision Racing;Jaguar;;false;
16;1;6;1:30.811;2;;26.857;2;38.298;2;25.656;2;132.3;12:29.538;11:09:29.538;0:26.857;0:38.298;0:25.656;;Sébastien BUEMI;;;B;Envision Racing;Jaguar;;false;
18;1;1;2:15.910;0;;55.953;0;46.089;0;33.868;0;88.4;2:15.910;10:59:15.910;0:55.953;0:46.089;0:33.868;;Jehan DARUVALA;0:00:20.400;;B;Maserati MSG Racing;STELLANTIS;;false;
18;1;2;1:31.831;0;;27.316;0;38.665;0;25.850;0;130.8;3:47.741;11:00:47.741;0:27.316;0:38.665;0:25.850;;Jehan DARUVALA;;;B;Maserati MSG Racing;STELLANTIS;;false;
18;1;3;3:08.907;0;B;27.043;0;38.826;0;2:03.038;0;63.6;6:56.648;11:03:56.648;0:27.043;0:38.826;2:03.038;;Jehan DARUVALA;;;B;Maserati MSG Racing;STELLANTIS;;false;
18;1;4;1:43.902;0;;33.927;0;41.604;0;28.371;0;115.6;8:40.550;11:05:40.550;0:33.927;0:41.604;0:28.371;;Jehan DARUVALA;0:01:43.222;;B;Maserati MSG Racing;STELLANTIS;;false;
18;1;5;1:31.246;0;;27.034;0;38.509;0;25.703;2;131.7;10:11.796;11:07:11.796;0:27.034;0:38.509;0:25.703;;Jehan DARUVALA;;;B;Maserati MSG Racing;STELLANTIS;;false;
18;1;6;1:44.159;0;;30.502;0;44.566;0;29.091;0;115.3;11:55.955;11:08:55.955;0:30.502;0:44.566;0:29.091;;Jehan DARUVALA;;;B;Maserati MSG Racing;STELLANTIS;;false;
18;1;7;1:31.010;2;;26.818;2;38.414;2;25.778;0;132.0;13:26.965;11:10:26.965;0:26.818;0:38.414;0:25.778;;Jehan DARUVALA;;;B;Maserati MSG Racing;STELLANTIS;;false;
2;1;1;2:12.856;0;;54.244;0;44.883;0;33.729;0;90.4;2:12.856;10:59:12.856;0:54.244;0:44.883;0:33.729;;Stoffel VANDOORNE;0:00:17.702;;B;DS PENSKE;STELLANTIS;;false;
2;1;2;1:31.415;0;;27.019;0;38.496;0;25.900;0;131.4;3:44.271;11:00:44.271;0:27.019;0:38.496;0:25.900;;Stoffel VANDOORNE;;;B;DS PENSKE;STELLANTIS;;false;
2;1;3;3:56.716;0;B;26.881;0;38.978;0;2:50.857;0;50.7;7:40.987;11:04:40.987;0:26.881;0:38.978;2:50.857;;Stoffel VANDOORNE;;;B;DS PENSKE;STELLANTIS;;false;
2;1;4;1:50.014;0;;36.380;0;43.805;0;29.829;0;109.2;9:31.001;11:06:31.001;0:36.380;0:43.805;0:29.829;;Stoffel VANDOORNE;0:02:32.294;;B;DS PENSKE;STELLANTIS;;false;
2;1;5;1:51.819;0;;30.266;0;43.867;0;37.686;0;107.4;11:22.820;11:08:22.820;0:30.266;0:43.867;0:37.686;;Stoffel VANDOORNE;;;B;DS PENSKE;STELLANTIS;;false;
2;1;6;1:30.593;3;;26.794;2;38.282;3;25.517;3;132.6;12:53.413;11:09:53.413;0:26.794;0:38.282;0:25.517;;Stoffel VANDOORNE;;;B;DS PENSKE;STELLANTIS;;false;
23;1;1;2:20.047;0;;1:03.703;0;45.022;0;31.322;0;85.8;2:20.047;10:59:20.047;1:03.703;0:45.022;0:31.322;;Sacha FENESTRAZ;0:00:21.880;;B;Nissan Formula E Team;Nissan;;false;
23;1;2;1:31.501;0;;27.151;0;38.787;0;25.563;0;131.3;3:51.548;11:00:51.548;0:27.151;0:38.787;0:25.563;;Sacha FENESTRAZ;;;B;Nissan Formula E Team;Nissan;;false;
23;1;3;3:09.566;0;B;27.013;0;38.894;0;2:03.659;0;63.4;7:01.114;11:04:01.114;0:27.013;0:38.894;2:03.659;;Sacha FENESTRAZ;;;B;Nissan Formula E Team;Nissan;;false;
23;1;4;1:44.190;0;;33.407;0;40.705;0;30.078;0;115.3;8:45.304;11:05:45.304;0:33.407;0:40.705;0:30.078;;Sacha FENESTRAZ;0:01:46.183;;B;Nissan Formula E Team;Nissan;;false;
23;1;5;1:31.328;0;;27.234;0;38.537;0;25.557;2;131.5;10:16.632;11:07:16.632;0:27.234;0:38.537;0:25.557;;Sacha FENESTRAZ;;;B;Nissan Formula E Team;Nissan;;false;
23;1;6;1:41.818;0;;30.774;0;42.051;0;28.993;0;118.0;11:58.450;11:08:58.450;0:30.774;0:42.051;0:28.993;;Sacha FENESTRAZ;;;B;Nissan Formula E Team;Nissan;;false;
23;1;7;1:31.083;2;;26.978;2;38.482;2;25.623;0;131.9;13:29.533;11:10:29.533;0:26.978;0:38.482;0:25.623;;Sacha FENESTRAZ;;;B;Nissan Formula E Team;Nissan;;false;
25;1;1;2:07.479;0;;53.349;0;44.570;0;29.560;0;94.2;2:07.479;10:59:07.479;0:53.349;0:44.570;0:29.560;;Jean-Éric VERGNE;0:00:16.777;;B;DS PENSKE;STELLANTIS;;false;
25;1;2;1:31.045;0;;26.993;0;38.420;0;25.632;2;131.9;3:38.524;11:00:38.524;0:26.993;0:38.420;0:25.632;;Jean-Éric VERGNE;;;B;DS PENSKE;STELLANTIS;;false;
25;1;3;3:55.553;0;B;26.659;3;38.474;0;2:50.420;0;51.0;7:34.077;11:04:34.077;0:26.659;0:38.474;2:50.420;;Jean-Éric VERGNE;;;B;DS PENSKE;STELLANTIS;;false;
25;1;4;1:51.398;0;;35.958;0;46.682;0;28.758;0;107.8;9:25.475;11:06:25.475;0:35.958;0:46.682;0:28.758;;Jean-Éric VERGNE;0:02:32.012;;B;DS PENSKE;STELLANTIS;;false;
25;1;5;1:46.028;0;;30.049;0;45.602;0;30.377;0;113.3;11:11.503;11:08:11.503;0:30.049;0:45.602;0:30.377;;Jean-Éric VERGNE;;;B;DS PENSKE;STELLANTIS;;false;
25;1;6;1:30.848;2;;26.693;0;38.364;2;25.791;0;132.2;12:42.351;11:09:42.351;0:26.693;0:38.364;0:25.791;;Jean-Éric VERGNE;;;B;DS PENSKE;STELLANTIS;;false;
33;1;1;2:23.435;0;;1:08.545;0;41.347;0;33.543;0;83.8;2:23.435;10:59:23.435;1:08.545;0:41.347;0:33.543;;Dan TICKTUM;0:00:28.396;;B;ERT Formula E Team;Electric Racing Technologies;;false;
33;1;2;1:31.634;0;;27.003;0;38.688;0;25.943;2;131.1;3:55.069;11:00:55.069;0:27.003;0:38.688;0:25.943;;Dan TICKTUM;;;B;ERT Formula E Team;Electric Racing Technologies;;false;
33;1;3;3:22.653;0;B;27.441;0;39.252;0;2:15.960;0;59.3;7:17.722;11:04:17.722;0:27.441;0:39.252;2:15.960;;Dan TICKTUM;;;B;ERT Formula E Team;Electric Racing Technologies;;false;
33;1;4;1:46.834;0;;33.917;0;44.358;0;28.559;0;112.4;9:04.556;11:06:04.556;0:33.917;0:44.358;0:28.559;;Dan TICKTUM;0:01:57.917;;B;ERT Formula E Team;Electric Racing Technologies;;false;
33;1;5;1:39.244;0;;28.461;0;42.023;0;28.760;0;121.0;10:43.800;11:07:43.800;0:28.461;0:42.023;0:28.760;;Dan TICKTUM;;;B;ERT Formula E Team;Electric Racing Technologies;;false;
33;1;6;1:31.600;2;;26.732;2;38.474;2;26.394;0;131.1;12:15.400;11:09:15.400;0:26.732;0:38.474;0:26.394;;Dan TICKTUM;;;B;ERT Formula E Team;Electric Racing Technologies;;false;
37;1;1;1:57.300;0;;45.322;0;41.081;0;30.897;0;102.4;1:57.300;10:58:57.300;0:45.322;0:41.081;0:30.897;;Nick CASSIDY;0:00:11.522;;B;Jaguar TCS Racing;Jaguar;;false;
37;1;2;1:31.482;0;;27.136;0;38.454;0;25.892;0;131.3;3:28.782;11:00:28.782;0:27.136;0:38.454;0:25.892;;Nick CASSIDY;;;B;Jaguar TCS Racing;Jaguar;;false;
37;1;3;3:54.164;0;B;26.843;2;39.998;0;2:47.323;0;51.3;7:22.946;11:04:22.946;0:26.843;0:39.998;2:47.323;;Nick CASSIDY;;;B;Jaguar TCS Racing;Jaguar;;false;
37;1;4;1:48.732;0;;38.099;0;42.843;0;27.790;0;110.5;9:11.678;11:06:11.678;0:38.099;0:42.843;0:27.790;;Nick CASSIDY;0:02:28.173;;B;Jaguar TCS Racing;Jaguar;;false;
37;1;5;1:37.389;0;;28.737;0;40.496;0;28.156;0;123.4;10:49.067;11:07:49.067;0:28.737;0:40.496;0:28.156;;Nick CASSIDY;;;B;Jaguar TCS Racing;Jaguar;;false;
37;1;6;1:30.785;2;;26.868;0;38.326;2;25.591;2;132.3;12:19.852;11:09:19.852;0:26.868;0:38.326;0:25.591;;Nick CASSIDY;;;B;Jaguar TCS Racing;Jaguar;;false;
48;1;1;2:31.560;0;;1:16.716;0;42.589;0;32.255;0;79.3;2:31.560;10:59:31.560;1:16.716;0:42.589;0:32.255;;Edoardo MORTARA;0:00:31.904;;B;MAHINDRA RACING;Mahindra Racing;;false;
48;1;2;1:31.545;0;;27.093;0;38.642;0;25.810;0;131.2;4:03.105;11:01:03.105;0:27.093;0:38.642;0:25.810;;Edoardo MORTARA;;;B;MAHINDRA RACING;Mahindra Racing;;false;
48;1;3;2:35.758;0;B;30.251;0;44.712;0;1:20.795;0;77.1;6:38.863;11:03:38.863;0:30.251;0:44.712;1:20.795;;Edoardo MORTARA;;;B;MAHINDRA RACING;Mahindra Racing;;false;
48;1;4;1:52.745;0;;38.440;0;44.258;0;30.047;0;106.6;8:31.608;11:05:31.608;0:38.440;0:44.258;0:30.047;;Edoardo MORTARA;0:00:59.432;;B;MAHINDRA RACING;Mahindra Racing;;false;
48;1;5;1:31.042;2;;26.787;2;38.441;2;25.814;0;132.0;10:02.650;11:07:02.650;0:26.787;0:38.441;0:25.814;;Edoardo MORTARA;;;B;MAHINDRA RACING;Mahindra Racing;;false;
48;1;6;1:49.498;0;;34.170;0;44.694;0;30.634;0;109.7;11:52.148;11:08:52.148;0:34.170;0:44.694;0:30.634;;Edoardo MORTARA;;;B;MAHINDRA RACING;Mahindra Racing;;false;
48;1;7;1:31.380;0;;27.051;0;38.608;0;25.721;2;131.5;13:23.528;11:10:23.528;0:27.051;0:38.608;0:25.721;;Edoardo MORTARA;;;B;MAHINDRA RACING;Mahindra Racing;;false;
5;1;1;2:25.455;0;;1:06.879;0;45.095;0;33.481;0;82.6;2:25.455;10:59:25.455;1:06.879;0:45.095;0:33.481;;Jake HUGHES;0:00:26.179;;B;NEOM McLaren Formula E Team;Nissan;;false;
5;1;2;1:31.293;0;;27.046;0;38.590;0;25.657;2;131.6;3:56.748;11:00:56.748;0:27.046;0:38.590;0:25.657;;Jake HUGHES;;;B;NEOM McLaren Formula E Team;Nissan;;false;
5;1;3;5:22.489;0;B;27.000;0;38.990;0;4:16.499;0;37.3;9:19.237;11:06:19.237;0:27.000;0:38.990;4:16.499;;Jake HUGHES;;;B;NEOM McLaren Formula E Team;Nissan;;false;
5;1;4;1:44.102;0;;32.769;0;44.082;0;27.251;0;115.4;11:03.339;11:08:03.339;0:32.769;0:44.082;0:27.251;;Jake HUGHES;0:03:58.084;;B;NEOM McLaren Formula E Team;Nissan;;false;
5;1;5;1:31.149;2;;26.950;2;38.444;2;25.755;0;131.8;12:34.488;11:09:34.488;0:26.950;0:38.444;0:25.755;;Jake HUGHES;;;B;NEOM McLaren Formula E Team;Nissan;;false;
8;1;1;2:28.381;0;;1:08.884;0;44.347;0;35.150;0;81.0;2:28.381;10:59:28.381;1:08.884;0:44.347;0:35.150;;Taylor BARNARD;0:00:27.547;;B;NEOM McLaren Formula E Team;Nissan;;false;
8;1;2;1:32.323;2;;27.192;2;39.234;0;25.897;2;130.1;4:00.704;11:01:00.704;0:27.192;0:39.234;0:25.897;;Taylor BARNARD;;;B;NEOM McLaren Formula E Team;Nissan;;false;
8;1;3;5:20.154;0;B;27.252;0;39.428;0;4:13.474;0;37.5;9:20.858;11:06:20.858;0:27.252;0:39.428;4:13.474;;Taylor BARNARD;;;B;NEOM McLaren Formula E Team;Nissan;;false;
8;1;4;1:53.587;0;;36.148;0;46.728;0;30.711;0;105.8;11:14.445;11:08:14.445;0:36.148;0:46.728;0:30.711;;Taylor BARNARD;0:03:55.483;;B;NEOM McLaren Formula E Team;Nissan;;false;
8;1;5;1:32.517;0;;27.347;0;38.979;2;26.191;0;129.8;12:46.962;11:09:46.962;0:27.347;0:38.979;0:26.191;;Taylor BARNARD;;;B;NEOM McLaren Formula E Team;Nissan;;false;
