﻿NUMBER; DRIVER_NUMBER; LAP_NUMBER; LAP_TIME; LAP_IMPROVEMENT; CROSSING_FINISH_LINE_IN_PIT; S1; S1_IMPROVEMENT; S2; S2_IMPROVEMENT; S3; S3_IMPROVEMENT; KPH; ELAPSED; HOUR;S1_LARGE;S2_LARGE;S3_LARGE;TOP_SPEED;DRIVER_NAME;PIT_TIME;CLASS;GROUP;TEAM;MANUFACTURER;POWER;FANBOOST;
11;1;1;2:30.068;0;;1:05.577;0;42.969;0;41.522;0;80.1;2:30.068;10:42:30.068;1:05.577;0:42.969;0:41.522;;Lucas DI GRASSI;0:00:26.945;;A;ABT CUPRA FORMULA E TEAM;Mahindra Racing;;false;
11;1;2;1:31.944;0;;27.075;0;39.012;0;25.857;0;130.7;4:02.012;10:44:02.012;0:27.075;0:39.012;0:25.857;;Lucas DI GRASSI;;;A;ABT CUPRA FORMULA E TEAM;Mahindra Racing;;false;
11;1;3;3:57.523;0;B;27.070;0;40.888;0;2:49.565;0;50.6;7:59.535;10:47:59.535;0:27.070;0:40.888;2:49.565;;Lucas DI GRASSI;;;A;ABT CUPRA FORMULA E TEAM;Mahindra Racing;;false;
11;1;4;1:46.630;0;;33.686;0;42.905;0;30.039;0;112.7;9:46.165;10:49:46.165;0:33.686;0:42.905;0:30.039;;Lucas DI GRASSI;0:02:30.006;;A;ABT CUPRA FORMULA E TEAM;Mahindra Racing;;false;
11;1;5;1:48.585;0;;29.791;0;41.834;0;36.960;0;110.6;11:34.750;10:51:34.750;0:29.791;0:41.834;0:36.960;;Lucas DI GRASSI;;;A;ABT CUPRA FORMULA E TEAM;Mahindra Racing;;false;
11;1;6;1:31.349;2;;26.851;2;38.767;2;25.731;2;131.5;13:06.099;10:53:06.099;0:26.851;0:38.767;0:25.731;;Lucas DI GRASSI;;;A;ABT CUPRA FORMULA E TEAM;Mahindra Racing;;false;
13;1;1;2:13.749;0;;52.957;0;44.265;0;36.527;0;89.8;2:13.749;10:42:13.749;0:52.957;0:44.265;0:36.527;;António Félix DA COSTA;0:00:17.973;;A;TAG Heuer Porsche Formula E Team;Porsche;;false;
13;1;2;1:32.058;0;;27.336;0;38.880;0;25.842;0;130.5;3:45.807;10:43:45.807;0:27.336;0:38.880;0:25.842;;António Félix DA COSTA;;;A;TAG Heuer Porsche Formula E Team;Porsche;;false;
13;1;3;3:06.982;0;B;26.996;0;38.731;0;2:01.255;0;64.2;6:52.789;10:46:52.789;0:26.996;0:38.731;2:01.255;;António Félix DA COSTA;;;A;TAG Heuer Porsche Formula E Team;Porsche;;false;
13;1;4;1:46.373;0;;34.239;0;41.974;0;30.160;0;112.9;8:39.162;10:48:39.162;0:34.239;0:41.974;0:30.160;;António Félix DA COSTA;0:01:43.657;;A;TAG Heuer Porsche Formula E Team;Porsche;;false;
13;1;5;1:31.068;2;;27.001;0;38.516;2;25.551;3;131.9;10:10.230;10:50:10.230;0:27.001;0:38.516;0:25.551;;António Félix DA COSTA;;;A;TAG Heuer Porsche Formula E Team;Porsche;;false;
13;1;6;1:41.630;0;;31.173;0;42.673;0;27.784;0;118.2;11:51.860;10:51:51.860;0:31.173;0:42.673;0:27.784;;António Félix DA COSTA;;;A;TAG Heuer Porsche Formula E Team;Porsche;;false;
13;1;7;1:31.221;0;;26.792;2;38.602;0;25.827;0;131.7;13:23.081;10:53:23.081;0:26.792;0:38.602;0:25.827;;António Félix DA COSTA;;;A;TAG Heuer Porsche Formula E Team;Porsche;;false;
17;1;1;2:05.544;0;;49.240;0;45.062;0;31.242;0;95.7;2:05.544;10:42:05.544;0:49.240;0:45.062;0:31.242;;Norman NATO;0:00:14.555;;A;Andretti Formula E;Porsche;;false;
17;1;2;1:32.467;0;;27.410;0;39.109;0;25.948;0;129.9;3:38.011;10:43:38.011;0:27.410;0:39.109;0:25.948;;Norman NATO;;;A;Andretti Formula E;Porsche;;false;
17;1;3;3:13.043;0;B;27.763;0;40.089;0;2:05.191;0;62.2;6:51.054;10:46:51.054;0:27.763;0:40.089;2:05.191;;Norman NATO;;;A;Andretti Formula E;Porsche;;false;
17;1;4;1:44.415;0;;33.151;0;42.698;0;28.566;0;115.1;8:35.469;10:48:35.469;0:33.151;0:42.698;0:28.566;;Norman NATO;0:01:46.465;;A;Andretti Formula E;Porsche;;false;
17;1;5;1:31.839;0;;27.012;0;38.780;0;26.047;0;130.8;10:07.308;10:50:07.308;0:27.012;0:38.780;0:26.047;;Norman NATO;;;A;Andretti Formula E;Porsche;;false;
17;1;6;1:47.131;0;;34.985;0;42.188;0;29.958;0;112.1;11:54.439;10:51:54.439;0:34.985;0:42.188;0:29.958;;Norman NATO;;;A;Andretti Formula E;Porsche;;false;
17;1;7;1:31.353;2;;26.908;2;38.766;2;25.679;2;131.5;13:25.792;10:53:25.792;0:26.908;0:38.766;0:25.679;;Norman NATO;;;A;Andretti Formula E;Porsche;;false;
21;1;1;2:26.126;0;;1:03.056;0;44.097;0;38.973;0;82.2;2:26.126;10:42:26.126;1:03.056;0:44.097;0:38.973;;Nyck DE VRIES;0:00:25.659;;A;MAHINDRA RACING;Mahindra Racing;;false;
21;1;2;1:31.953;0;;27.079;0;38.947;0;25.927;0;130.6;3:58.079;10:43:58.079;0:27.079;0:38.947;0:25.927;;Nyck DE VRIES;;;A;MAHINDRA RACING;Mahindra Racing;;false;
21;1;3;2:38.238;0;B;29.391;0;41.938;0;1:26.909;0;75.9;6:36.317;10:46:36.317;0:29.391;0:41.938;1:26.909;;Nyck DE VRIES;;;A;MAHINDRA RACING;Mahindra Racing;;false;
21;1;4;1:44.387;0;;32.847;0;42.898;0;28.642;0;115.1;8:20.704;10:48:20.704;0:32.847;0:42.898;0:28.642;;Nyck DE VRIES;0:01:07.608;;A;MAHINDRA RACING;Mahindra Racing;;false;
21;1;5;1:31.578;0;;26.937;0;38.615;2;26.026;0;131.2;9:52.282;10:49:52.282;0:26.937;0:38.615;0:26.026;;Nyck DE VRIES;;;A;MAHINDRA RACING;Mahindra Racing;;false;
21;1;6;1:46.662;0;;33.687;0;43.744;0;29.231;0;112.6;11:38.944;10:51:38.944;0:33.687;0:43.744;0:29.231;;Nyck DE VRIES;;;A;MAHINDRA RACING;Mahindra Racing;;false;
21;1;7;1:31.279;2;;26.706;2;38.819;0;25.754;2;131.6;13:10.223;10:53:10.223;0:26.706;0:38.819;0:25.754;;Nyck DE VRIES;;;A;MAHINDRA RACING;Mahindra Racing;;false;
22;1;1;2:39.096;0;;1:09.739;0;44.642;0;44.715;0;75.5;2:39.096;10:42:39.096;1:09.739;0:44.642;0:44.715;;Oliver ROWLAND;0:00:35.036;;A;Nissan Formula E Team;Nissan;;false;
22;1;2;1:31.566;0;;26.957;0;38.807;0;25.802;2;131.2;4:10.662;10:44:10.662;0:26.957;0:38.807;0:25.802;;Oliver ROWLAND;;;A;Nissan Formula E Team;Nissan;;false;
22;1;3;3:07.590;0;B;27.380;0;38.886;0;2:01.324;0;64.0;7:18.252;10:47:18.252;0:27.380;0:38.886;2:01.324;;Oliver ROWLAND;;;A;Nissan Formula E Team;Nissan;;false;
22;1;4;1:40.375;0;;32.429;0;41.076;0;26.870;0;119.7;8:58.627;10:48:58.627;0:32.429;0:41.076;0:26.870;;Oliver ROWLAND;0:01:43.673;;A;Nissan Formula E Team;Nissan;;false;
22;1;5;1:45.097;0;;26.918;0;46.858;0;31.321;0;114.3;10:43.724;10:50:43.724;0:26.918;0:46.858;0:31.321;;Oliver ROWLAND;;;A;Nissan Formula E Team;Nissan;;false;
22;1;6;1:31.347;2;;26.788;2;38.662;2;25.897;0;131.5;12:15.071;10:52:15.071;0:26.788;0:38.662;0:25.897;;Oliver ROWLAND;;;A;Nissan Formula E Team;Nissan;;false;
3;1;1;2:22.240;0;;58.490;0;40.833;0;42.917;0;84.5;2:22.240;10:42:22.240;0:58.490;0:40.833;0:42.917;;Sérgio SETTE CÂMARA;0:00:24.692;;A;ERT Formula E Team;Electric Racing Technologies;;false;
3;1;2;1:34.601;0;;27.297;0;39.741;0;27.563;0;127.0;3:56.841;10:43:56.841;0:27.297;0:39.741;0:27.563;;Sérgio SETTE CÂMARA;;;A;ERT Formula E Team;Electric Racing Technologies;;false;
3;1;3;1:31.891;0;;27.034;0;38.805;0;26.052;0;130.7;5:28.732;10:45:28.732;0:27.034;0:38.805;0:26.052;;Sérgio SETTE CÂMARA;;;A;ERT Formula E Team;Electric Racing Technologies;;false;
3;1;4;4:01.150;0;B;28.373;0;40.139;0;2:52.638;0;49.8;9:29.882;10:49:29.882;0:28.373;0:40.139;2:52.638;;Sérgio SETTE CÂMARA;;;A;ERT Formula E Team;Electric Racing Technologies;;false;
3;1;5;1:46.849;0;;31.660;0;39.636;0;35.553;0;112.4;11:16.731;10:51:16.731;0:31.660;0:39.636;0:35.553;;Sérgio SETTE CÂMARA;0:02:35.004;;A;ERT Formula E Team;Electric Racing Technologies;;false;
3;1;6;1:31.188;2;;26.800;2;38.739;2;25.649;2;131.7;12:47.919;10:52:47.919;0:26.800;0:38.739;0:25.649;;Sérgio SETTE CÂMARA;;;A;ERT Formula E Team;Electric Racing Technologies;;false;
4;1;1;1:54.188;0;;41.251;0;41.737;0;31.200;0;105.2;1:54.188;10:41:54.188;0:41.251;0:41.737;0:31.200;;Robin FRIJNS;0:00:09.530;;A;Envision Racing;Jaguar;;false;
4;1;2;1:31.853;0;;27.191;0;38.942;0;25.720;2;130.8;3:26.041;10:43:26.041;0:27.191;0:38.942;0:25.720;;Robin FRIJNS;;;A;Envision Racing;Jaguar;;false;
4;1;3;3:06.849;0;B;26.965;0;38.700;0;2:01.184;0;64.3;6:32.890;10:46:32.890;0:26.965;0:38.700;2:01.184;;Robin FRIJNS;;;A;Envision Racing;Jaguar;;false;
4;1;4;1:40.113;0;;30.990;0;40.432;0;28.691;0;120.0;8:13.003;10:48:13.003;0:30.990;0:40.432;0:28.691;;Robin FRIJNS;0:01:43.595;;A;Envision Racing;Jaguar;;false;
4;1;5;1:31.168;0;;26.854;2;38.584;0;25.730;0;131.8;9:44.171;10:49:44.171;0:26.854;0:38.584;0:25.730;;Robin FRIJNS;;;A;Envision Racing;Jaguar;;false;
4;1;6;1:41.224;0;;29.739;0;42.367;0;29.118;0;118.7;11:25.395;10:51:25.395;0:29.739;0:42.367;0:29.118;;Robin FRIJNS;;;A;Envision Racing;Jaguar;;false;
4;1;7;1:31.070;2;;26.885;0;38.393;3;25.792;0;131.9;12:56.465;10:52:56.465;0:26.885;0:38.393;0:25.792;;Robin FRIJNS;;;A;Envision Racing;Jaguar;;false;
51;1;1;2:34.640;0;;1:06.135;0;43.471;0;45.034;0;77.7;2:34.640;10:42:34.640;1:06.135;0:43.471;0:45.034;;Nico MÜLLER;0:00:27.968;;A;ABT CUPRA FORMULA E TEAM;Mahindra Racing;;false;
51;1;2;1:31.907;0;;27.011;0;38.942;0;25.954;0;130.7;4:06.547;10:44:06.547;0:27.011;0:38.942;0:25.954;;Nico MÜLLER;;;A;ABT CUPRA FORMULA E TEAM;Mahindra Racing;;false;
51;1;3;3:48.762;0;B;27.046;0;39.216;0;2:42.500;0;52.5;7:55.309;10:47:55.309;0:27.046;0:39.216;2:42.500;;Nico MÜLLER;;;A;ABT CUPRA FORMULA E TEAM;Mahindra Racing;;false;
51;1;4;1:47.987;0;;34.570;0;43.651;0;29.766;0;111.2;9:43.296;10:49:43.296;0:34.570;0:43.651;0:29.766;;Nico MÜLLER;0:02:24.657;;A;ABT CUPRA FORMULA E TEAM;Mahindra Racing;;false;
51;1;5;1:46.471;0;;31.230;0;42.715;0;32.526;0;112.8;11:29.767;10:51:29.767;0:31.230;0:42.715;0:32.526;;Nico MÜLLER;;;A;ABT CUPRA FORMULA E TEAM;Mahindra Racing;;false;
51;1;6;1:31.241;2;;26.941;2;38.687;2;25.613;2;131.7;13:01.008;10:53:01.008;0:26.941;0:38.687;0:25.613;;Nico MÜLLER;;;A;ABT CUPRA FORMULA E TEAM;Mahindra Racing;;false;
7;1;1;2:17.289;0;;54.206;0;43.696;0;39.387;0;87.5;2:17.289;10:42:17.289;0:54.206;0:43.696;0:39.387;;Maximilian GÜNTHER;0:00:19.593;;A;Maserati MSG Racing;STELLANTIS;;false;
7;1;2;1:31.634;0;;27.253;0;38.555;0;25.826;0;131.1;3:48.923;10:43:48.923;0:27.253;0:38.555;0:25.826;;Maximilian GÜNTHER;;;A;Maserati MSG Racing;STELLANTIS;;false;
7;1;3;3:08.204;0;B;27.449;0;38.707;0;2:02.048;0;63.8;6:57.127;10:46:57.127;0:27.449;0:38.707;2:02.048;;Maximilian GÜNTHER;;;A;Maserati MSG Racing;STELLANTIS;;false;
7;1;4;1:48.853;0;;34.192;0;41.833;0;32.828;0;110.4;8:45.980;10:48:45.980;0:34.192;0:41.833;0:32.828;;Maximilian GÜNTHER;0:01:44.563;;A;Maserati MSG Racing;STELLANTIS;;false;
7;1;5;1:31.058;2;;27.011;0;38.425;2;25.622;2;131.9;10:17.038;10:50:17.038;0:27.011;0:38.425;0:25.622;;Maximilian GÜNTHER;;;A;Maserati MSG Racing;STELLANTIS;;false;
7;1;6;1:41.461;0;;28.081;0;40.835;0;32.545;0;118.4;11:58.499;10:51:58.499;0:28.081;0:40.835;0:32.545;;Maximilian GÜNTHER;;;A;Maserati MSG Racing;STELLANTIS;;false;
7;1;7;1:32.567;0;;26.714;2;39.816;0;26.037;0;129.8;13:31.066;10:53:31.066;0:26.714;0:39.816;0:26.037;;Maximilian GÜNTHER;;;A;Maserati MSG Racing;STELLANTIS;;false;
9;1;1;2:02.249;0;;48.122;0;45.115;0;29.012;0;98.3;2:02.249;10:42:02.249;0:48.122;0:45.115;0:29.012;;Mitch EVANS;0:00:12.316;;A;Jaguar TCS Racing;Jaguar;;false;
9;1;2;1:31.755;0;;27.349;0;38.623;0;25.783;0;130.9;3:34.004;10:43:34.004;0:27.349;0:38.623;0:25.783;;Mitch EVANS;;;A;Jaguar TCS Racing;Jaguar;;false;
9;1;3;3:24.651;0;B;27.479;0;40.071;0;2:17.101;0;58.7;6:58.655;10:46:58.655;0:27.479;0:40.071;2:17.101;;Mitch EVANS;;;A;Jaguar TCS Racing;Jaguar;;false;
9;1;4;1:48.998;0;;33.803;0;43.693;0;31.502;0;110.2;8:47.653;10:48:47.653;0:33.803;0:43.693;0:31.502;;Mitch EVANS;0:01:57.138;;A;Jaguar TCS Racing;Jaguar;;false;
9;1;5;1:44.722;0;;30.949;0;45.399;0;28.374;0;114.7;10:32.375;10:50:32.375;0:30.949;0:45.399;0:28.374;;Mitch EVANS;;;A;Jaguar TCS Racing;Jaguar;;false;
9;1;6;1:30.697;3;;26.668;3;38.416;2;25.613;2;132.5;12:03.072;10:52:03.072;0:26.668;0:38.416;0:25.613;;Mitch EVANS;;;A;Jaguar TCS Racing;Jaguar;;false;
94;1;1;2:10.237;0;;51.243;0;44.076;0;34.918;0;92.2;2:10.237;10:42:10.237;0:51.243;0:44.076;0:34.918;;Pascal WEHRLEIN;0:00:15.758;;A;TAG Heuer Porsche Formula E Team;Porsche;;false;
94;1;2;1:31.809;0;;27.271;0;38.700;0;25.838;0;130.8;3:42.046;10:43:42.046;0:27.271;0:38.700;0:25.838;;Pascal WEHRLEIN;;;A;TAG Heuer Porsche Formula E Team;Porsche;;false;
94;1;3;3:14.020;0;B;26.876;0;43.252;0;2:03.892;0;61.9;6:56.066;10:46:56.066;0:26.876;0:43.252;2:03.892;;Pascal WEHRLEIN;;;A;TAG Heuer Porsche Formula E Team;Porsche;;false;
94;1;4;1:47.230;0;;33.919;0;41.802;0;31.509;0;112.0;8:43.296;10:48:43.296;0:33.919;0:41.802;0:31.509;;Pascal WEHRLEIN;0:01:45.287;;A;TAG Heuer Porsche Formula E Team;Porsche;;false;
94;1;5;1:31.041;0;;26.902;0;38.461;0;25.678;0;132.0;10:14.337;10:50:14.337;0:26.902;0:38.461;0:25.678;;Pascal WEHRLEIN;;;A;TAG Heuer Porsche Formula E Team;Porsche;;false;
94;1;6;1:41.887;0;;28.756;0;42.135;0;30.996;0;117.9;11:56.224;10:51:56.224;0:28.756;0:42.135;0:30.996;;Pascal WEHRLEIN;;;A;TAG Heuer Porsche Formula E Team;Porsche;;false;
94;1;7;1:30.851;2;;26.838;2;38.447;2;25.566;2;132.2;13:27.075;10:53:27.075;0:26.838;0:38.447;0:25.566;;Pascal WEHRLEIN;;;A;TAG Heuer Porsche Formula E Team;Porsche;;false;
