﻿NUMBER; DRIVER_NUMBER; LAP_NUMBER; LAP_TIME; LAP_IMPROVEMENT; CROSSING_FINISH_LINE_IN_PIT; S1; S1_IMPROVEMENT; S2; S2_IMPROVEMENT; S3; S3_IMPROVEMENT; KPH; ELAPSED; HOUR;S1_LARGE;S2_LARGE;S3_LARGE;TOP_SPEED;DRIVER_NAME;PIT_TIME;CLASS;GROUP;TEAM;MANUFACTURER;POWER;FANBOOST;
1;1;1;1:43.401;0;;53.066;0;19.549;0;30.786;0;112.1;1:43.401;09:58:43.401;0:53.066;0:19.549;0:30.786;;Jake DENNIS;0:00:18.134;;B;Andretti Formula E;Porsche;;false;
1;1;2;1:23.164;0;;34.061;0;19.121;0;29.982;0;138.1;3:06.565;10:00:06.565;0:34.061;0:19.121;0:29.982;;Jake DENNIS;;;B;Andretti Formula E;Porsche;;false;
1;1;3;1:10.776;0;;27.601;0;17.579;0;25.596;0;162.3;4:17.341;10:01:17.341;0:27.601;0:17.579;0:25.596;;Jake DENNIS;;;B;Andretti Formula E;Porsche;;false;
1;1;4;1:09.983;2;;27.048;2;17.419;2;25.516;2;164.1;5:27.324;10:02:27.324;0:27.048;0:17.419;0:25.516;;Jake DENNIS;;;B;Andretti Formula E;Porsche;;false;
1;1;5;2:51.541;0;B;27.154;0;17.511;0;2:06.876;0;66.9;8:18.865;10:05:18.865;0:27.154;0:17.511;2:06.876;;Jake DENNIS;;;B;Andretti Formula E;Porsche;;false;
1;1;6;1:22.339;0;;35.892;0;18.533;0;27.914;0;139.5;9:41.204;10:06:41.204;0:35.892;0:18.533;0:27.914;;Jake DENNIS;0:01:48.160;;B;Andretti Formula E;Porsche;;false;
1;1;7;1:13.923;0;;28.816;0;18.268;0;26.839;0;155.4;10:55.127;10:07:55.127;0:28.816;0:18.268;0:26.839;;Jake DENNIS;;;B;Andretti Formula E;Porsche;;false;
13;1;1;1:38.748;0;;49.164;0;19.159;0;30.425;0;117.4;1:38.748;09:58:38.748;0:49.164;0:19.159;0:30.425;;António Félix DA COSTA;0:00:15.715;;B;TAG Heuer Porsche Formula E Team;Porsche;;false;
13;1;2;1:10.207;0;;27.197;0;17.422;0;25.588;0;163.6;2:48.955;09:59:48.955;0:27.197;0:17.422;0:25.588;;António Félix DA COSTA;;;B;TAG Heuer Porsche Formula E Team;Porsche;;false;
13;1;3;1:16.308;0;;32.210;0;17.516;0;26.582;0;150.5;4:05.263;10:01:05.263;0:32.210;0:17.516;0:26.582;;António Félix DA COSTA;;;B;TAG Heuer Porsche Formula E Team;Porsche;;false;
13;1;4;3:34.628;0;B;26.994;2;17.347;0;2:50.287;0;53.5;7:39.891;10:04:39.891;0:26.994;0:17.347;2:50.287;;António Félix DA COSTA;;;B;TAG Heuer Porsche Formula E Team;Porsche;;false;
13;1;5;1:21.826;0;;34.704;0;18.016;0;29.106;0;140.3;9:01.717;10:06:01.717;0:34.704;0:18.016;0:29.106;;António Félix DA COSTA;0:02:30.125;;B;TAG Heuer Porsche Formula E Team;Porsche;;false;
13;1;6;1:09.758;0;;27.131;0;17.265;2;25.362;3;164.6;10:11.475;10:07:11.475;0:27.131;0:17.265;0:25.362;;António Félix DA COSTA;;;B;TAG Heuer Porsche Formula E Team;Porsche;;false;
13;1;7;1:25.285;0;;35.000;0;21.459;0;28.826;0;134.7;11:36.760;10:08:36.760;0:35.000;0:21.459;0:28.826;;António Félix DA COSTA;;;B;TAG Heuer Porsche Formula E Team;Porsche;;false;
13;1;8;1:09.726;3;;27.027;0;17.336;0;25.363;0;164.7;12:46.486;10:09:46.486;0:27.027;0:17.336;0:25.363;;António Félix DA COSTA;;;B;TAG Heuer Porsche Formula E Team;Porsche;;false;
17;1;1;1:44.387;0;;53.594;0;19.743;0;31.050;0;111.1;1:44.387;09:58:44.387;0:53.594;0:19.743;0:31.050;;Norman NATO;0:00:19.228;;B;Andretti Formula E;Porsche;;false;
17;1;2;1:18.505;0;;28.863;0;20.827;0;28.815;0;146.3;3:02.892;10:00:02.892;0:28.863;0:20.827;0:28.815;;Norman NATO;;;B;Andretti Formula E;Porsche;;false;
17;1;3;1:17.132;0;;27.055;0;17.412;0;32.665;0;148.9;4:20.024;10:01:20.024;0:27.055;0:17.412;0:32.665;;Norman NATO;;;B;Andretti Formula E;Porsche;;false;
17;1;4;3:06.892;0;B;27.913;0;17.471;0;2:21.508;0;61.4;7:26.916;10:04:26.916;0:27.913;0:17.471;2:21.508;;Norman NATO;;;B;Andretti Formula E;Porsche;;false;
17;1;5;1:23.096;0;;35.947;0;18.555;0;28.594;0;138.2;8:50.012;10:05:50.012;0:35.947;0:18.555;0:28.594;;Norman NATO;0:02:02.126;;B;Andretti Formula E;Porsche;;false;
17;1;6;1:16.285;0;;28.799;0;18.581;0;28.905;0;150.5;10:06.297;10:07:06.297;0:28.799;0:18.581;0:28.905;;Norman NATO;;;B;Andretti Formula E;Porsche;;false;
17;1;7;1:10.015;2;;26.989;2;17.427;0;25.599;2;164.0;11:16.312;10:08:16.312;0:26.989;0:17.427;0:25.599;;Norman NATO;;;B;Andretti Formula E;Porsche;;false;
17;1;8;1:10.264;0;;27.076;0;17.398;2;25.790;0;163.4;12:26.576;10:09:26.576;0:27.076;0:17.398;0:25.790;;Norman NATO;;;B;Andretti Formula E;Porsche;;false;
2;1;1;1:45.090;0;;54.756;0;19.179;0;31.155;0;110.3;1:45.090;09:58:45.090;0:54.756;0:19.179;0:31.155;;Stoffel VANDOORNE;0:00:20.329;;B;DS PENSKE;STELLANTIS;;false;
2;1;2;1:15.844;0;;30.320;0;18.240;0;27.284;0;151.4;3:00.934;10:00:00.934;0:30.320;0:18.240;0:27.284;;Stoffel VANDOORNE;;;B;DS PENSKE;STELLANTIS;;false;
2;1;3;1:10.107;0;;27.267;0;17.376;0;25.464;2;163.8;4:11.041;10:01:11.041;0:27.267;0:17.376;0:25.464;;Stoffel VANDOORNE;;;B;DS PENSKE;STELLANTIS;;false;
2;1;4;1:09.905;0;;27.024;0;17.334;2;25.547;0;164.3;5:20.946;10:02:20.946;0:27.024;0:17.334;0:25.547;;Stoffel VANDOORNE;;;B;DS PENSKE;STELLANTIS;;false;
2;1;5;3:17.298;0;B;27.086;0;17.441;0;2:32.771;0;58.2;8:38.244;10:05:38.244;0:27.086;0:17.441;2:32.771;;Stoffel VANDOORNE;;;B;DS PENSKE;STELLANTIS;;false;
2;1;6;1:23.491;0;;35.480;0;18.359;0;29.652;0;137.5;10:01.735;10:07:01.735;0:35.480;0:18.359;0:29.652;;Stoffel VANDOORNE;0:02:13.828;;B;DS PENSKE;STELLANTIS;;false;
2;1;7;1:10.414;0;;27.203;0;17.441;0;25.770;0;163.1;11:12.149;10:08:12.149;0:27.203;0:17.441;0:25.770;;Stoffel VANDOORNE;;;B;DS PENSKE;STELLANTIS;;false;
2;1;8;1:09.857;2;;26.947;2;17.350;0;25.560;0;164.4;12:22.006;10:09:22.006;0:26.947;0:17.350;0:25.560;;Stoffel VANDOORNE;;;B;DS PENSKE;STELLANTIS;;false;
21;1;1;1:47.586;0;;59.920;0;18.695;0;28.971;0;107.8;1:47.586;09:58:47.586;0:59.920;0:18.695;0:28.971;;Nyck DE VRIES;0:00:27.237;;B;MAHINDRA RACING;Mahindra Racing;;false;
21;1;2;1:22.059;0;;31.656;0;18.174;0;32.229;0;139.9;3:09.645;10:00:09.645;0:31.656;0:18.174;0:32.229;;Nyck DE VRIES;;;B;MAHINDRA RACING;Mahindra Racing;;false;
21;1;3;1:10.222;0;;27.112;0;17.399;0;25.711;0;163.5;4:19.867;10:01:19.867;0:27.112;0:17.399;0:25.711;;Nyck DE VRIES;;;B;MAHINDRA RACING;Mahindra Racing;;false;
21;1;4;3:12.037;0;B;27.224;0;17.408;0;2:27.405;0;59.8;7:31.904;10:04:31.904;0:27.224;0:17.408;2:27.405;;Nyck DE VRIES;;;B;MAHINDRA RACING;Mahindra Racing;;false;
21;1;5;1:22.288;0;;36.540;0;18.129;0;27.619;0;139.6;8:54.192;10:05:54.192;0:36.540;0:18.129;0:27.619;;Nyck DE VRIES;0:02:08.704;;B;MAHINDRA RACING;Mahindra Racing;;false;
21;1;6;1:15.021;0;;28.388;0;19.565;0;27.068;0;153.1;10:09.213;10:07:09.213;0:28.388;0:19.565;0:27.068;;Nyck DE VRIES;;;B;MAHINDRA RACING;Mahindra Racing;;false;
21;1;7;1:09.941;0;;27.025;0;17.287;0;25.629;0;164.2;11:19.154;10:08:19.154;0:27.025;0:17.287;0:25.629;;Nyck DE VRIES;;;B;MAHINDRA RACING;Mahindra Racing;;false;
21;1;8;1:09.810;2;;26.997;2;17.267;2;25.546;2;164.5;12:28.964;10:09:28.964;0:26.997;0:17.267;0:25.546;;Nyck DE VRIES;;;B;MAHINDRA RACING;Mahindra Racing;;false;
22;1;1;1:48.815;0;;57.270;0;19.545;0;32.000;0;106.6;1:48.815;09:58:48.815;0:57.270;0:19.545;0:32.000;;Caio COLLET;0:00:23.077;;B;Nissan Formula E Team;Nissan;;false;
22;1;2;1:15.492;0;;29.049;0;18.111;0;28.332;0;152.1;3:04.307;10:00:04.307;0:29.049;0:18.111;0:28.332;;Caio COLLET;;;B;Nissan Formula E Team;Nissan;;false;
22;1;3;1:17.831;0;;27.354;0;17.477;0;33.000;0;147.6;4:22.138;10:01:22.138;0:27.354;0:17.477;0:33.000;;Caio COLLET;;;B;Nissan Formula E Team;Nissan;;false;
22;1;4;3:22.410;0;B;27.803;0;17.362;0;2:37.245;0;56.7;7:44.548;10:04:44.548;0:27.803;0:17.362;2:37.245;;Caio COLLET;;;B;Nissan Formula E Team;Nissan;;false;
22;1;5;1:22.494;0;;35.243;0;18.393;0;28.858;0;139.2;9:07.042;10:06:07.042;0:35.243;0:18.393;0:28.858;;Caio COLLET;0:02:16.847;;B;Nissan Formula E Team;Nissan;;false;
22;1;6;1:10.720;0;;27.224;0;17.446;0;26.050;0;162.4;10:17.762;10:07:17.762;0:27.224;0:17.446;0:26.050;;Caio COLLET;;;B;Nissan Formula E Team;Nissan;;false;
22;1;7;1:10.070;0;;27.137;0;17.294;2;25.639;0;163.9;11:27.832;10:08:27.832;0:27.137;0:17.294;0:25.639;;Caio COLLET;;;B;Nissan Formula E Team;Nissan;;false;
22;1;8;1:10.061;2;;27.118;2;17.316;0;25.627;2;163.9;12:37.893;10:09:37.893;0:27.118;0:17.316;0:25.627;;Caio COLLET;;;B;Nissan Formula E Team;Nissan;;false;
23;1;1;1:46.887;0;;55.724;0;19.618;0;31.545;0;108.5;1:46.887;09:58:46.887;0:55.724;0:19.618;0:31.545;;Sacha FENESTRAZ;0:00:22.274;;B;Nissan Formula E Team;Nissan;;false;
23;1;2;1:11.323;0;;27.876;0;17.609;0;25.838;0;161.0;2:58.210;09:59:58.210;0:27.876;0:17.609;0:25.838;;Sacha FENESTRAZ;;;B;Nissan Formula E Team;Nissan;;false;
23;1;3;1:10.100;0;;27.185;0;17.374;0;25.541;0;163.8;4:08.310;10:01:08.310;0:27.185;0:17.374;0:25.541;;Sacha FENESTRAZ;;;B;Nissan Formula E Team;Nissan;;false;
23;1;4;3:24.583;0;B;27.184;0;17.244;3;2:40.155;0;56.1;7:32.893;10:04:32.893;0:27.184;0:17.244;2:40.155;;Sacha FENESTRAZ;;;B;Nissan Formula E Team;Nissan;;false;
23;1;5;1:24.101;0;;36.431;0;18.160;0;29.510;0;136.6;8:56.994;10:05:56.994;0:36.431;0:18.160;0:29.510;;Sacha FENESTRAZ;0:02:20.787;;B;Nissan Formula E Team;Nissan;;false;
23;1;6;1:10.186;0;;27.310;0;17.373;0;25.503;0;163.6;10:07.180;10:07:07.180;0:27.310;0:17.373;0:25.503;;Sacha FENESTRAZ;;;B;Nissan Formula E Team;Nissan;;false;
23;1;7;1:13.647;0;;28.380;0;19.361;0;25.906;0;155.9;11:20.827;10:08:20.827;0:28.380;0:19.361;0:25.906;;Sacha FENESTRAZ;;;B;Nissan Formula E Team;Nissan;;false;
23;1;8;1:09.906;2;;27.034;2;17.413;0;25.459;2;164.3;12:30.733;10:09:30.733;0:27.034;0:17.413;0:25.459;;Sacha FENESTRAZ;;;B;Nissan Formula E Team;Nissan;;false;
3;1;1;1:50.765;0;;59.658;0;20.246;0;30.861;0;104.7;1:50.765;09:58:50.765;0:59.658;0:20.246;0:30.861;;Sérgio SETTE CÂMARA;0:00:25.196;;B;ERT Formula E Team;Electric Racing Technologies;;false;
3;1;2;1:21.807;0;;30.306;0;19.372;0;32.129;0;140.4;3:12.572;10:00:12.572;0:30.306;0:19.372;0:32.129;;Sérgio SETTE CÂMARA;;;B;ERT Formula E Team;Electric Racing Technologies;;false;
3;1;3;1:11.168;0;;27.512;0;17.462;0;26.194;0;161.4;4:23.740;10:01:23.740;0:27.512;0:17.462;0:26.194;;Sérgio SETTE CÂMARA;;;B;ERT Formula E Team;Electric Racing Technologies;;false;
3;1;4;3:00.046;0;B;27.672;0;17.531;0;2:14.843;0;63.8;7:23.786;10:04:23.786;0:27.672;0:17.531;2:14.843;;Sérgio SETTE CÂMARA;;;B;ERT Formula E Team;Electric Racing Technologies;;false;
3;1;5;1:31.455;0;;45.097;0;18.226;0;28.132;0;125.6;8:55.241;10:05:55.241;0:45.097;0:18.226;0:28.132;;Sérgio SETTE CÂMARA;0:01:54.610;;B;ERT Formula E Team;Electric Racing Technologies;;false;
3;1;6;1:19.105;0;;30.377;0;18.150;0;30.578;0;145.2;10:14.346;10:07:14.346;0:30.377;0:18.150;0:30.578;;Sérgio SETTE CÂMARA;;;B;ERT Formula E Team;Electric Racing Technologies;;false;
3;1;7;1:10.169;0;;27.276;0;17.414;2;25.479;0;163.7;11:24.515;10:08:24.515;0:27.276;0:17.414;0:25.479;;Sérgio SETTE CÂMARA;;;B;ERT Formula E Team;Electric Racing Technologies;;false;
3;1;8;1:09.979;2;;27.149;2;17.432;0;25.398;2;164.1;12:34.494;10:09:34.494;0:27.149;0:17.432;0:25.398;;Sérgio SETTE CÂMARA;;;B;ERT Formula E Team;Electric Racing Technologies;;false;
48;1;1;1:52.587;0;;1:04.310;0;18.145;0;30.132;0;103.0;1:52.587;09:58:52.587;1:04.310;0:18.145;0:30.132;;Edoardo MORTARA;0:00:31.901;;B;MAHINDRA RACING;Mahindra Racing;;false;
48;1;2;1:18.590;0;;29.352;0;18.781;0;30.457;0;146.1;3:11.177;10:00:11.177;0:29.352;0:18.781;0:30.457;;Edoardo MORTARA;;;B;MAHINDRA RACING;Mahindra Racing;;false;
48;1;3;1:10.713;0;;27.098;0;17.633;0;25.982;0;162.4;4:21.890;10:01:21.890;0:27.098;0:17.633;0:25.982;;Edoardo MORTARA;;;B;MAHINDRA RACING;Mahindra Racing;;false;
48;1;4;3:16.106;0;B;27.247;0;17.314;0;2:31.545;0;58.6;7:37.996;10:04:37.996;0:27.247;0:17.314;2:31.545;;Edoardo MORTARA;;;B;MAHINDRA RACING;Mahindra Racing;;false;
48;1;5;1:24.637;0;;36.186;0;18.197;0;30.254;0;135.7;9:02.633;10:06:02.633;0:36.186;0:18.197;0:30.254;;Edoardo MORTARA;0:02:11.486;;B;MAHINDRA RACING;Mahindra Racing;;false;
48;1;6;1:17.696;0;;29.349;0;18.019;0;30.328;0;147.8;10:20.329;10:07:20.329;0:29.349;0:18.019;0:30.328;;Edoardo MORTARA;;;B;MAHINDRA RACING;Mahindra Racing;;false;
48;1;7;1:10.005;0;;27.166;0;17.280;2;25.559;0;164.0;11:30.334;10:08:30.334;0:27.166;0:17.280;0:25.559;;Edoardo MORTARA;;;B;MAHINDRA RACING;Mahindra Racing;;false;
48;1;8;1:09.885;2;;27.079;2;17.358;0;25.448;2;164.3;12:40.219;10:09:40.219;0:27.079;0:17.358;0:25.448;;Edoardo MORTARA;;;B;MAHINDRA RACING;Mahindra Racing;;false;
8;1;1;1:50.464;0;;1:04.790;0;18.136;0;27.538;0;105.0;1:50.464;09:58:50.464;1:04.790;0:18.136;0:27.538;;Sam BIRD;0:00:33.495;;B;NEOM McLaren Formula E Team;Nissan;;false;
8;1;2;1:23.651;0;;29.139;0;24.121;0;30.391;0;137.3;3:14.115;10:00:14.115;0:29.139;0:24.121;0:30.391;;Sam BIRD;;;B;NEOM McLaren Formula E Team;Nissan;;false;
8;1;3;1:10.275;0;;27.117;0;17.638;0;25.520;0;163.4;4:24.390;10:01:24.390;0:27.117;0:17.638;0:25.520;;Sam BIRD;;;B;NEOM McLaren Formula E Team;Nissan;;false;
8;1;4;3:09.744;0;B;27.493;0;17.434;0;2:24.817;0;60.5;7:34.134;10:04:34.134;0:27.493;0:17.434;2:24.817;;Sam BIRD;;;B;NEOM McLaren Formula E Team;Nissan;;false;
8;1;5;1:20.824;0;;35.528;0;18.168;0;27.128;0;142.1;8:54.958;10:05:54.958;0:35.528;0:18.168;0:27.128;;Sam BIRD;0:02:03.694;;B;NEOM McLaren Formula E Team;Nissan;;false;
8;1;6;1:18.138;0;;28.551;0;19.818;0;29.769;0;147.0;10:13.096;10:07:13.096;0:28.551;0:19.818;0:29.769;;Sam BIRD;;;B;NEOM McLaren Formula E Team;Nissan;;false;
8;1;7;1:10.056;0;;27.001;0;17.473;0;25.582;0;163.9;11:23.152;10:08:23.152;0:27.001;0:17.473;0:25.582;;Sam BIRD;;;B;NEOM McLaren Formula E Team;Nissan;;false;
8;1;8;1:09.785;2;;26.944;3;17.376;2;25.465;2;164.6;12:32.937;10:09:32.937;0:26.944;0:17.376;0:25.465;;Sam BIRD;;;B;NEOM McLaren Formula E Team;Nissan;;false;
94;1;1;1:42.597;0;;51.126;0;19.836;0;31.635;0;113.0;1:42.597;09:58:42.597;0:51.126;0:19.836;0:31.635;;Pascal WEHRLEIN;0:00:16.923;;B;TAG Heuer Porsche Formula E Team;Porsche;;false;
94;1;2;1:10.400;0;;27.413;0;17.462;0;25.525;0;163.1;2:52.997;09:59:52.997;0:27.413;0:17.462;0:25.525;;Pascal WEHRLEIN;;;B;TAG Heuer Porsche Formula E Team;Porsche;;false;
94;1;3;1:10.026;0;;27.173;0;17.317;0;25.536;0;164.0;4:03.023;10:01:03.023;0:27.173;0:17.317;0:25.536;;Pascal WEHRLEIN;;;B;TAG Heuer Porsche Formula E Team;Porsche;;false;
94;1;4;3:39.080;0;B;27.346;0;18.076;0;2:53.658;0;52.4;7:42.103;10:04:42.103;0:27.346;0:18.076;2:53.658;;Pascal WEHRLEIN;;;B;TAG Heuer Porsche Formula E Team;Porsche;;false;
94;1;5;1:23.185;0;;35.984;0;18.274;0;28.927;0;138.1;9:05.288;10:06:05.288;0:35.984;0:18.274;0:28.927;;Pascal WEHRLEIN;0:02:33.984;;B;TAG Heuer Porsche Formula E Team;Porsche;;false;
94;1;6;1:10.619;0;;27.431;0;17.610;0;25.578;0;162.6;10:15.907;10:07:15.907;0:27.431;0:17.610;0:25.578;;Pascal WEHRLEIN;;;B;TAG Heuer Porsche Formula E Team;Porsche;;false;
94;1;7;1:25.888;0;;35.855;0;20.742;0;29.291;0;133.7;11:41.795;10:08:41.795;0:35.855;0:20.742;0:29.291;;Pascal WEHRLEIN;;;B;TAG Heuer Porsche Formula E Team;Porsche;;false;
94;1;8;1:09.853;2;;27.138;2;17.292;2;25.423;2;164.4;12:51.648;10:09:51.648;0:27.138;0:17.292;0:25.423;;Pascal WEHRLEIN;;;B;TAG Heuer Porsche Formula E Team;Porsche;;false;
