﻿NUMBER; DRIVER_NUMBER; LAP_NUMBER; LAP_TIME; LAP_IMPROVEMENT; CROSSING_FINISH_LINE_IN_PIT; S1; S1_IMPROVEMENT; S2; S2_IMPROVEMENT; S3; S3_IMPROVEMENT; KPH; ELAPSED; HOUR;S1_LARGE;S2_LARGE;S3_LARGE;TOP_SPEED;DRIVER_NAME;PIT_TIME;CLASS;GROUP;TEAM;MANUFACTURER;POWER;FANBOOST;
1;1;1;1:27.170;0;;34.167;0;25.856;0;27.147;0;118.2;1:27.170;10:38:27.170;0:34.167;0:25.856;0:27.147;;Jake DENNIS;0:00:09.866;;B;Andretti Formula E;Porsche;;false;
1;1;2;1:14.910;0;;25.413;0;23.982;0;25.515;0;146.6;2:42.080;10:39:42.080;0:25.413;0:23.982;0:25.515;;Jake DENNIS;;;B;Andretti Formula E;Porsche;;false;
1;1;3;1:34.238;0;;32.025;0;30.268;0;31.945;0;116.6;4:16.318;10:41:16.318;0:32.025;0:30.268;0:31.945;;Jake DENNIS;;;B;Andretti Formula E;Porsche;;false;
1;1;4;1:14.670;0;;25.284;0;23.911;2;25.475;0;147.1;5:30.988;10:42:30.988;0:25.284;0:23.911;0:25.475;;Jake DENNIS;;;B;Andretti Formula E;Porsche;;false;
1;1;5;1:17.510;0;B;25.910;0;24.017;0;27.583;0;141.7;6:48.498;10:43:48.498;0:25.910;0:24.017;0:27.583;;Jake DENNIS;;;B;Andretti Formula E;Porsche;;false;
1;1;6;3:12.421;0;;2:16.224;0;28.617;0;27.580;0;57.1;10:00.919;10:47:00.919;2:16.224;0:28.617;0:27.580;;Jake DENNIS;0:01:53.622;;B;Andretti Formula E;Porsche;;false;
1;1;7;1:29.531;0;;27.177;0;28.059;0;34.295;0;122.7;11:30.450;10:48:30.450;0:27.177;0:28.059;0:34.295;;Jake DENNIS;;;B;Andretti Formula E;Porsche;;false;
1;1;8;1:14.459;2;;25.266;2;23.966;0;25.227;2;147.5;12:44.909;10:49:44.909;0:25.266;0:23.966;0:25.227;;Jake DENNIS;;;B;Andretti Formula E;Porsche;;false;
13;1;1;1:31.169;0;;36.544;0;26.809;0;27.816;0;113.0;1:31.169;10:38:31.169;0:36.544;0:26.809;0:27.816;;António Félix DA COSTA;0:00:11.535;;B;TAG Heuer Porsche Formula E Team;Porsche;;false;
13;1;2;1:21.091;0;;26.717;0;25.978;0;28.396;0;135.4;2:52.260;10:39:52.260;0:26.717;0:25.978;0:28.396;;António Félix DA COSTA;;;B;TAG Heuer Porsche Formula E Team;Porsche;;false;
13;1;3;1:14.486;0;;25.269;2;23.924;0;25.293;0;147.5;4:06.746;10:41:06.746;0:25.269;0:23.924;0:25.293;;António Félix DA COSTA;;;B;TAG Heuer Porsche Formula E Team;Porsche;;false;
13;1;4;1:18.707;0;B;25.647;0;24.751;0;28.309;0;139.6;5:25.453;10:42:25.453;0:25.647;0:24.751;0:28.309;;António Félix DA COSTA;;;B;TAG Heuer Porsche Formula E Team;Porsche;;false;
13;1;5;3:04.156;0;;2:10.698;0;26.388;0;27.070;0;59.6;8:29.609;10:45:29.609;2:10.698;0:26.388;0:27.070;;António Félix DA COSTA;0:01:49.082;;B;TAG Heuer Porsche Formula E Team;Porsche;;false;
13;1;6;1:14.759;0;;25.351;0;23.960;0;25.448;0;146.9;9:44.368;10:46:44.368;0:25.351;0:23.960;0:25.448;;António Félix DA COSTA;;;B;TAG Heuer Porsche Formula E Team;Porsche;;false;
13;1;7;1:34.264;0;;29.336;0;30.868;0;34.060;0;116.5;11:18.632;10:48:18.632;0:29.336;0:30.868;0:34.060;;António Félix DA COSTA;;;B;TAG Heuer Porsche Formula E Team;Porsche;;false;
13;1;8;1:14.241;2;;25.298;0;23.778;3;25.165;2;147.9;12:32.873;10:49:32.873;0:25.298;0:23.778;0:25.165;;António Félix DA COSTA;;;B;TAG Heuer Porsche Formula E Team;Porsche;;false;
21;1;1;2:04.700;0;;1:06.731;0;29.070;0;28.899;0;82.6;2:04.700;10:39:04.700;1:06.731;0:29.070;0:28.899;;Nyck DE VRIES;0:00:40.155;;B;MAHINDRA RACING;Mahindra Racing;;false;
21;1;2;1:22.621;0;;27.492;0;27.438;0;27.691;0;132.9;3:27.321;10:40:27.321;0:27.492;0:27.438;0:27.691;;Nyck DE VRIES;;;B;MAHINDRA RACING;Mahindra Racing;;false;
21;1;3;1:14.533;0;;25.306;0;23.837;2;25.390;2;147.4;4:41.854;10:41:41.854;0:25.306;0:23.837;0:25.390;;Nyck DE VRIES;;;B;MAHINDRA RACING;Mahindra Racing;;false;
21;1;4;1:22.645;0;B;27.049;0;26.333;0;29.263;0;132.9;6:04.499;10:43:04.499;0:27.049;0:26.333;0:29.263;;Nyck DE VRIES;;;B;MAHINDRA RACING;Mahindra Racing;;false;
21;1;5;3:53.135;0;;2:52.476;0;29.666;0;30.993;0;47.1;9:57.634;10:46:57.634;2:52.476;0:29.666;0:30.993;;Nyck DE VRIES;0:02:27.918;;B;MAHINDRA RACING;Mahindra Racing;;false;
21;1;6;1:25.825;0;;26.346;0;25.560;0;33.919;0;128.0;11:23.459;10:48:23.459;0:26.346;0:25.560;0:33.919;;Nyck DE VRIES;;;B;MAHINDRA RACING;Mahindra Racing;;false;
21;1;7;1:14.523;2;;25.240;2;23.881;0;25.402;0;147.4;12:37.982;10:49:37.982;0:25.240;0:23.881;0:25.402;;Nyck DE VRIES;;;B;MAHINDRA RACING;Mahindra Racing;;false;
25;1;1;1:42.471;0;;43.333;0;29.853;0;29.285;0;100.5;1:42.471;10:38:42.471;0:43.333;0:29.853;0:29.285;;Jean-Éric VERGNE;0:00:16.138;;B;DS PENSKE;STELLANTIS;;false;
25;1;2;1:22.646;0;;26.120;0;25.743;0;30.783;0;132.9;3:05.117;10:40:05.117;0:26.120;0:25.743;0:30.783;;Jean-Éric VERGNE;;;B;DS PENSKE;STELLANTIS;;false;
25;1;3;1:14.385;0;;25.037;0;24.063;0;25.285;2;147.7;4:19.502;10:41:19.502;0:25.037;0:24.063;0:25.285;;Jean-Éric VERGNE;;;B;DS PENSKE;STELLANTIS;;false;
25;1;4;1:17.510;0;B;25.063;0;23.932;0;28.515;0;141.7;5:37.012;10:42:37.012;0:25.063;0:23.932;0:28.515;;Jean-Éric VERGNE;;;B;DS PENSKE;STELLANTIS;;false;
25;1;5;4:24.518;0;;3:32.273;0;25.100;0;27.145;0;41.5;10:01.530;10:47:01.530;3:32.273;0:25.100;0:27.145;;Jean-Éric VERGNE;0:03:09.254;;B;DS PENSKE;STELLANTIS;;false;
25;1;6;1:34.156;0;;31.604;0;26.118;0;36.434;0;116.7;11:35.686;10:48:35.686;0:31.604;0:26.118;0:36.434;;Jean-Éric VERGNE;;;B;DS PENSKE;STELLANTIS;;false;
25;1;7;1:14.144;2;;24.984;3;23.849;2;25.311;0;148.1;12:49.830;10:49:49.830;0:24.984;0:23.849;0:25.311;;Jean-Éric VERGNE;;;B;DS PENSKE;STELLANTIS;;false;
3;1;1;1:43.583;0;;43.937;0;30.148;0;29.498;0;99.4;1:43.583;10:38:43.583;0:43.937;0:30.148;0:29.498;;Sérgio SETTE CÂMARA;0:00:17.512;;B;ERT Formula E Team;Electric Racing Technologies;;false;
3;1;2;1:24.413;0;;27.237;0;29.338;0;27.838;0;130.1;3:07.996;10:40:07.996;0:27.237;0:29.338;0:27.838;;Sérgio SETTE CÂMARA;;;B;ERT Formula E Team;Electric Racing Technologies;;false;
3;1;3;1:15.226;0;;25.406;0;24.264;0;25.556;0;146.0;4:23.222;10:41:23.222;0:25.406;0:24.264;0:25.556;;Sérgio SETTE CÂMARA;;;B;ERT Formula E Team;Electric Racing Technologies;;false;
3;1;4;1:18.470;0;B;25.595;0;24.411;0;28.464;0;140.0;5:41.692;10:42:41.692;0:25.595;0:24.411;0:28.464;;Sérgio SETTE CÂMARA;;;B;ERT Formula E Team;Electric Racing Technologies;;false;
3;1;5;2:59.513;0;;2:06.392;0;26.033;0;27.088;0;61.2;8:41.205;10:45:41.205;2:06.392;0:26.033;0:27.088;;Sérgio SETTE CÂMARA;0:01:44.873;;B;ERT Formula E Team;Electric Racing Technologies;;false;
3;1;6;1:14.700;0;;25.375;0;23.978;0;25.347;0;147.0;9:55.905;10:46:55.905;0:25.375;0:23.978;0:25.347;;Sérgio SETTE CÂMARA;;;B;ERT Formula E Team;Electric Racing Technologies;;false;
3;1;7;1:45.636;0;;30.189;0;35.707;0;39.740;0;104.0;11:41.541;10:48:41.541;0:30.189;0:35.707;0:39.740;;Sérgio SETTE CÂMARA;;;B;ERT Formula E Team;Electric Racing Technologies;;false;
3;1;8;1:14.580;2;;25.320;2;23.923;2;25.337;2;147.3;12:56.121;10:49:56.121;0:25.320;0:23.923;0:25.337;;Sérgio SETTE CÂMARA;;;B;ERT Formula E Team;Electric Racing Technologies;;false;
4;1;1;1:21.440;0;;30.116;0;25.085;0;26.239;0;126.5;1:21.440;10:38:21.440;0:30.116;0:25.085;0:26.239;;Robin FRIJNS;0:00:06.691;;B;Envision Racing;Jaguar;;false;
4;1;2;1:23.587;0;;25.854;0;24.845;0;32.888;0;131.4;2:45.027;10:39:45.027;0:25.854;0:24.845;0:32.888;;Robin FRIJNS;;;B;Envision Racing;Jaguar;;false;
4;1;3;1:16.183;0;;25.268;0;24.400;0;26.515;0;144.2;4:01.210;10:41:01.210;0:25.268;0:24.400;0:26.515;;Robin FRIJNS;;;B;Envision Racing;Jaguar;;false;
4;1;4;1:14.821;0;;25.078;2;23.811;2;25.932;0;146.8;5:16.031;10:42:16.031;0:25.078;0:23.811;0:25.932;;Robin FRIJNS;;;B;Envision Racing;Jaguar;;false;
4;1;5;1:16.520;0;B;25.112;0;23.963;0;27.445;0;143.5;6:32.551;10:43:32.551;0:25.112;0:23.963;0:27.445;;Robin FRIJNS;;;B;Envision Racing;Jaguar;;false;
4;1;6;3:05.835;0;;2:14.597;0;24.850;0;26.388;0;59.1;9:38.386;10:46:38.386;2:14.597;0:24.850;0:26.388;;Robin FRIJNS;0:01:53.859;;B;Envision Racing;Jaguar;;false;
4;1;7;1:21.550;0;;26.237;0;25.001;0;30.312;0;134.7;10:59.936;10:47:59.936;0:26.237;0:25.001;0:30.312;;Robin FRIJNS;;;B;Envision Racing;Jaguar;;false;
4;1;8;1:14.336;2;;25.101;0;23.838;0;25.397;2;147.8;12:14.272;10:49:14.272;0:25.101;0:23.838;0:25.397;;Robin FRIJNS;;;B;Envision Racing;Jaguar;;false;
48;1;1;2:11.116;0;;1:13.804;0;27.971;0;29.341;0;78.6;2:11.116;10:39:11.116;1:13.804;0:27.971;0:29.341;;Edoardo MORTARA;0:00:47.290;;B;MAHINDRA RACING;Mahindra Racing;;false;
48;1;2;1:25.455;0;;27.717;0;26.709;0;31.029;0;128.5;3:36.571;10:40:36.571;0:27.717;0:26.709;0:31.029;;Edoardo MORTARA;;;B;MAHINDRA RACING;Mahindra Racing;;false;
48;1;3;1:15.152;0;;25.486;0;24.178;0;25.488;0;146.2;4:51.723;10:41:51.723;0:25.486;0:24.178;0:25.488;;Edoardo MORTARA;;;B;MAHINDRA RACING;Mahindra Racing;;false;
48;1;4;1:18.733;0;B;27.026;0;24.171;2;27.536;0;139.5;6:10.456;10:43:10.456;0:27.026;0:24.171;0:27.536;;Edoardo MORTARA;;;B;MAHINDRA RACING;Mahindra Racing;;false;
48;1;5;3:49.612;0;;2:53.810;0;27.346;0;28.456;0;47.8;10:00.068;10:47:00.068;2:53.810;0:27.346;0:28.456;;Edoardo MORTARA;0:02:29.320;;B;MAHINDRA RACING;Mahindra Racing;;false;
48;1;6;1:25.863;0;;27.033;0;25.946;0;32.884;0;127.9;11:25.931;10:48:25.931;0:27.033;0:25.946;0:32.884;;Edoardo MORTARA;;;B;MAHINDRA RACING;Mahindra Racing;;false;
48;1;7;1:15.006;2;;25.327;2;24.393;0;25.286;2;146.4;12:40.937;10:49:40.937;0:25.327;0:24.393;0:25.286;;Edoardo MORTARA;;;B;MAHINDRA RACING;Mahindra Racing;;false;
5;1;1;2:17.948;0;;1:23.284;0;24.720;0;29.944;0;74.7;2:17.948;10:39:17.948;1:23.284;0:24.720;0:29.944;;Jake HUGHES;0:00:59.525;;B;NEOM McLaren Formula E Team;Nissan;;false;
5;1;2;1:15.258;0;;25.301;0;24.197;0;25.760;0;145.9;3:33.206;10:40:33.206;0:25.301;0:24.197;0:25.760;;Jake HUGHES;;;B;NEOM McLaren Formula E Team;Nissan;;false;
5;1;3;1:41.057;0;;34.558;0;33.155;0;33.344;0;108.7;5:14.263;10:42:14.263;0:34.558;0:33.155;0:33.344;;Jake HUGHES;;;B;NEOM McLaren Formula E Team;Nissan;;false;
5;1;4;1:14.409;0;;25.124;0;23.921;0;25.364;0;147.6;6:28.672;10:43:28.672;0:25.124;0:23.921;0:25.364;;Jake HUGHES;;;B;NEOM McLaren Formula E Team;Nissan;;false;
5;1;5;1:17.484;0;B;25.294;0;24.070;0;28.120;0;141.8;7:46.156;10:44:46.156;0:25.294;0:24.070;0:28.120;;Jake HUGHES;;;B;NEOM McLaren Formula E Team;Nissan;;false;
5;1;6;3:02.901;0;;2:10.179;0;24.526;0;28.196;0;60.1;10:49.057;10:47:49.057;2:10.179;0:24.526;0:28.196;;Jake HUGHES;0:01:49.473;;B;NEOM McLaren Formula E Team;Nissan;;false;
5;1;7;1:14.140;3;;24.995;2;23.855;2;25.290;2;148.1;12:03.197;10:49:03.197;0:24.995;0:23.855;0:25.290;;Jake HUGHES;;;B;NEOM McLaren Formula E Team;Nissan;;false;
51;1;1;1:49.434;0;;51.359;0;27.948;0;30.127;0;94.1;1:49.434;10:38:49.434;0:51.359;0:27.948;0:30.127;;Nico MÜLLER;0:00:25.460;;B;ABT CUPRA FORMULA E TEAM;Mahindra Racing;;false;
51;1;2;1:23.093;0;;25.541;0;24.269;0;33.283;0;132.2;3:12.527;10:40:12.527;0:25.541;0:24.269;0:33.283;;Nico MÜLLER;;;B;ABT CUPRA FORMULA E TEAM;Mahindra Racing;;false;
51;1;3;1:14.665;0;;25.279;2;23.947;2;25.439;0;147.1;4:27.192;10:41:27.192;0:25.279;0:23.947;0:25.439;;Nico MÜLLER;;;B;ABT CUPRA FORMULA E TEAM;Mahindra Racing;;false;
51;1;4;1:16.713;0;B;25.297;0;24.046;0;27.370;0;143.2;5:43.905;10:42:43.905;0:25.297;0:24.046;0:27.370;;Nico MÜLLER;;;B;ABT CUPRA FORMULA E TEAM;Mahindra Racing;;false;
51;1;5;3:10.981;0;;2:14.687;0;27.114;0;29.180;0;57.5;8:54.886;10:45:54.886;2:14.687;0:27.114;0:29.180;;Nico MÜLLER;0:01:52.048;;B;ABT CUPRA FORMULA E TEAM;Mahindra Racing;;false;
51;1;6;1:14.657;0;;25.378;0;24.018;0;25.261;0;147.1;10:09.543;10:47:09.543;0:25.378;0:24.018;0:25.261;;Nico MÜLLER;;;B;ABT CUPRA FORMULA E TEAM;Mahindra Racing;;false;
51;1;7;1:36.327;0;;31.990;0;30.250;0;34.087;0;114.0;11:45.870;10:48:45.870;0:31.990;0:30.250;0:34.087;;Nico MÜLLER;;;B;ABT CUPRA FORMULA E TEAM;Mahindra Racing;;false;
51;1;8;1:14.530;2;;25.415;0;23.957;0;25.158;3;147.4;13:00.400;10:50:00.400;0:25.415;0:23.957;0:25.158;;Nico MÜLLER;;;B;ABT CUPRA FORMULA E TEAM;Mahindra Racing;;false;
8;1;1;2:14.940;0;;1:19.725;0;25.055;0;30.160;0;76.3;2:14.940;10:39:14.940;1:19.725;0:25.055;0:30.160;;Sam BIRD;0:00:56.606;;B;NEOM McLaren Formula E Team;Nissan;;false;
8;1;2;1:14.974;0;;25.514;0;24.015;0;25.445;0;146.5;3:29.914;10:40:29.914;0:25.514;0:24.015;0:25.445;;Sam BIRD;;;B;NEOM McLaren Formula E Team;Nissan;;false;
8;1;3;1:42.604;0;;30.166;0;37.129;0;35.309;0;107.0;5:12.518;10:42:12.518;0:30.166;0:37.129;0:35.309;;Sam BIRD;;;B;NEOM McLaren Formula E Team;Nissan;;false;
8;1;4;1:14.736;0;;25.316;2;24.004;0;25.416;0;147.0;6:27.254;10:43:27.254;0:25.316;0:24.004;0:25.416;;Sam BIRD;;;B;NEOM McLaren Formula E Team;Nissan;;false;
8;1;5;1:17.185;0;B;25.794;0;24.043;0;27.348;0;142.3;7:44.439;10:44:44.439;0:25.794;0:24.043;0:27.348;;Sam BIRD;;;B;NEOM McLaren Formula E Team;Nissan;;false;
8;1;6;3:02.012;0;;2:07.197;0;25.427;0;29.388;0;60.3;10:46.451;10:47:46.451;2:07.197;0:25.427;0:29.388;;Sam BIRD;0:01:47.076;;B;NEOM McLaren Formula E Team;Nissan;;false;
8;1;7;1:14.601;2;;25.343;0;23.973;2;25.285;2;147.2;12:01.052;10:49:01.052;0:25.343;0:23.973;0:25.285;;Sam BIRD;;;B;NEOM McLaren Formula E Team;Nissan;;false;
94;1;1;1:33.195;0;;38.317;0;27.081;0;27.797;0;110.5;1:33.195;10:38:33.195;0:38.317;0:27.081;0:27.797;;Pascal WEHRLEIN;0:00:13.082;;B;TAG Heuer Porsche Formula E Team;Porsche;;false;
94;1;2;1:24.295;0;;27.156;0;25.491;0;31.648;0;130.3;2:57.490;10:39:57.490;0:27.156;0:25.491;0:31.648;;Pascal WEHRLEIN;;;B;TAG Heuer Porsche Formula E Team;Porsche;;false;
94;1;3;1:14.485;0;;25.243;0;23.943;0;25.299;0;147.5;4:11.975;10:41:11.975;0:25.243;0:23.943;0:25.299;;Pascal WEHRLEIN;;;B;TAG Heuer Porsche Formula E Team;Porsche;;false;
94;1;4;1:18.327;0;B;25.781;0;24.219;0;28.327;0;140.2;5:30.302;10:42:30.302;0:25.781;0:24.219;0:28.327;;Pascal WEHRLEIN;;;B;TAG Heuer Porsche Formula E Team;Porsche;;false;
94;1;5;3:05.036;0;;2:09.171;0;25.616;0;30.249;0;59.4;8:35.338;10:45:35.338;2:09.171;0:25.616;0:30.249;;Pascal WEHRLEIN;0:01:47.512;;B;TAG Heuer Porsche Formula E Team;Porsche;;false;
94;1;6;1:14.341;0;;25.276;0;23.898;0;25.167;2;147.7;9:49.679;10:46:49.679;0:25.276;0:23.898;0:25.167;;Pascal WEHRLEIN;;;B;TAG Heuer Porsche Formula E Team;Porsche;;false;
94;1;7;1:25.316;0;;28.789;0;26.287;0;30.240;0;128.7;11:14.995;10:48:14.995;0:28.789;0:26.287;0:30.240;;Pascal WEHRLEIN;;;B;TAG Heuer Porsche Formula E Team;Porsche;;false;
94;1;8;1:14.246;2;;25.164;2;23.860;2;25.222;0;147.9;12:29.241;10:49:29.241;0:25.164;0:23.860;0:25.222;;Pascal WEHRLEIN;;;B;TAG Heuer Porsche Formula E Team;Porsche;;false;
