﻿NUMBER; DRIVER_NUMBER; LAP_NUMBER; LAP_TIME; LAP_IMPROVEMENT; CROSSING_FINISH_LINE_IN_PIT; S1; S1_IMPROVEMENT; S2; S2_IMPROVEMENT; S3; S3_IMPROVEMENT; KPH; ELAPSED; HOUR;S1_LARGE;S2_LARGE;S3_LARGE;TOP_SPEED;DRIVER_NAME;PIT_TIME;CLASS;GROUP;TEAM;MANUFACTURER;POWER;FANBOOST;
11;1;1;2:01.652;0;;1:02.734;0;29.096;0;29.822;0;84.7;2:01.652;10:22:01.652;1:02.734;0:29.096;0:29.822;;Lucas DI GRASSI;0:00:30.482;;A;ABT CUPRA FORMULA E TEAM;Mahindra Racing;;false;
11;1;2;1:14.545;0;;25.394;0;23.995;0;25.156;2;147.3;3:16.197;10:23:16.197;0:25.394;0:23.995;0:25.156;;Lucas DI GRASSI;;;A;ABT CUPRA FORMULA E TEAM;Mahindra Racing;;false;
11;1;3;1:14.453;0;;25.204;2;23.874;0;25.375;0;147.5;4:30.650;10:24:30.650;0:25.204;0:23.874;0:25.375;;Lucas DI GRASSI;;;A;ABT CUPRA FORMULA E TEAM;Mahindra Racing;;false;
11;1;4;1:16.542;0;B;25.732;0;23.803;2;27.007;0;143.5;5:47.192;10:25:47.192;0:25.732;0:23.803;0:27.007;;Lucas DI GRASSI;;;A;ABT CUPRA FORMULA E TEAM;Mahindra Racing;;false;
11;1;5;3:02.668;0;;2:07.769;0;27.699;0;27.200;0;60.1;8:49.860;10:28:49.860;2:07.769;0:27.699;0:27.200;;Lucas DI GRASSI;0:01:46.216;;A;ABT CUPRA FORMULA E TEAM;Mahindra Racing;;false;
11;1;6;1:14.437;0;;25.285;0;23.907;0;25.245;0;147.6;10:04.297;10:30:04.297;0:25.285;0:23.907;0:25.245;;Lucas DI GRASSI;;;A;ABT CUPRA FORMULA E TEAM;Mahindra Racing;;false;
11;1;7;1:32.325;0;;31.281;0;28.318;0;32.726;0;119.0;11:36.622;10:31:36.622;0:31.281;0:28.318;0:32.726;;Lucas DI GRASSI;;;A;ABT CUPRA FORMULA E TEAM;Mahindra Racing;;false;
11;1;8;1:14.384;2;;25.243;0;23.937;0;25.204;0;147.7;12:51.006;10:32:51.006;0:25.243;0:23.937;0:25.204;;Lucas DI GRASSI;;;A;ABT CUPRA FORMULA E TEAM;Mahindra Racing;;false;
16;1;1;1:26.939;0;;31.842;0;26.046;0;29.051;0;118.5;1:26.939;10:21:26.939;0:31.842;0:26.046;0:29.051;;Sébastien BUEMI;0:00:06.761;;A;Envision Racing;Jaguar;;false;
16;1;2;1:14.879;0;;25.557;0;23.882;0;25.440;0;146.7;2:41.818;10:22:41.818;0:25.557;0:23.882;0:25.440;;Sébastien BUEMI;;;A;Envision Racing;Jaguar;;false;
16;1;3;1:16.830;0;B;25.221;0;23.777;2;27.832;0;143.0;3:58.648;10:23:58.648;0:25.221;0:23.777;0:27.832;;Sébastien BUEMI;;;A;Envision Racing;Jaguar;;false;
16;1;4;3:07.236;0;;2:13.367;0;26.328;0;27.541;0;58.7;7:05.884;10:27:05.884;2:13.367;0:26.328;0:27.541;;Sébastien BUEMI;0:01:50.405;;A;Envision Racing;Jaguar;;false;
16;1;5;1:22.990;0;;27.212;0;26.829;0;28.949;0;132.3;8:28.874;10:28:28.874;0:27.212;0:26.829;0:28.949;;Sébastien BUEMI;;;A;Envision Racing;Jaguar;;false;
16;1;6;1:14.367;2;;25.353;0;23.840;0;25.174;2;147.7;9:43.241;10:29:43.241;0:25.353;0:23.840;0:25.174;;Sébastien BUEMI;;;A;Envision Racing;Jaguar;;false;
16;1;7;1:32.983;0;;29.608;0;27.185;0;36.190;0;118.1;11:16.224;10:31:16.224;0:29.608;0:27.185;0:36.190;;Sébastien BUEMI;;;A;Envision Racing;Jaguar;;false;
16;1;8;1:14.387;0;;25.162;3;23.832;0;25.393;0;147.7;12:30.611;10:32:30.611;0:25.162;0:23.832;0:25.393;;Sébastien BUEMI;;;A;Envision Racing;Jaguar;;false;
17;1;1;1:32.960;0;;38.474;0;26.548;0;27.938;0;110.8;1:32.960;10:21:32.960;0:38.474;0:26.548;0:27.938;;Norman NATO;0:00:12.060;;A;Andretti Formula E;Porsche;;false;
17;1;2;1:14.831;0;;25.282;0;24.109;0;25.440;0;146.8;2:47.791;10:22:47.791;0:25.282;0:24.109;0:25.440;;Norman NATO;;;A;Andretti Formula E;Porsche;;false;
17;1;3;1:33.452;0;;31.721;0;29.487;0;32.244;0;117.5;4:21.243;10:24:21.243;0:31.721;0:29.487;0:32.244;;Norman NATO;;;A;Andretti Formula E;Porsche;;false;
17;1;4;1:14.421;0;;25.276;0;23.803;2;25.342;0;147.6;5:35.664;10:25:35.664;0:25.276;0:23.803;0:25.342;;Norman NATO;;;A;Andretti Formula E;Porsche;;false;
17;1;5;1:17.834;0;B;25.536;0;24.120;0;28.178;0;141.1;6:53.498;10:26:53.498;0:25.536;0:24.120;0:28.178;;Norman NATO;;;A;Andretti Formula E;Porsche;;false;
17;1;6;3:07.410;0;;2:13.559;0;26.308;0;27.543;0;58.6;10:00.908;10:30:00.908;2:13.559;0:26.308;0:27.543;;Norman NATO;0:01:51.152;;A;Andretti Formula E;Porsche;;false;
17;1;7;1:26.515;0;;26.785;0;25.436;0;34.294;0;127.0;11:27.423;10:31:27.423;0:26.785;0:25.436;0:34.294;;Norman NATO;;;A;Andretti Formula E;Porsche;;false;
17;1;8;1:14.300;2;;25.262;2;23.806;0;25.232;2;147.8;12:41.723;10:32:41.723;0:25.262;0:23.806;0:25.232;;Norman NATO;;;A;Andretti Formula E;Porsche;;false;
18;1;1;1:47.420;0;;48.415;0;28.634;0;30.371;0;95.9;1:47.420;10:21:47.420;0:48.415;0:28.634;0:30.371;;Jehan DARUVALA;0:00:18.796;;A;Maserati MSG Racing;STELLANTIS;;false;
18;1;2;1:24.522;0;;30.255;0;26.221;0;28.046;0;129.9;3:11.942;10:23:11.942;0:30.255;0:26.221;0:28.046;;Jehan DARUVALA;;;A;Maserati MSG Racing;STELLANTIS;;false;
18;1;3;1:14.997;0;;25.446;0;23.958;0;25.593;0;146.5;4:26.939;10:24:26.939;0:25.446;0:23.958;0:25.593;;Jehan DARUVALA;;;A;Maserati MSG Racing;STELLANTIS;;false;
18;1;4;1:18.756;0;B;25.305;0;23.989;0;29.462;0;139.5;5:45.695;10:25:45.695;0:25.305;0:23.989;0:29.462;;Jehan DARUVALA;;;A;Maserati MSG Racing;STELLANTIS;;false;
18;1;5;3:07.613;0;;2:14.335;0;26.454;0;26.824;0;58.5;8:53.308;10:28:53.308;2:14.335;0:26.454;0:26.824;;Jehan DARUVALA;0:01:51.861;;A;Maserati MSG Racing;STELLANTIS;;false;
18;1;6;1:14.656;0;;25.343;0;23.918;0;25.395;0;147.1;10:07.964;10:30:07.964;0:25.343;0:23.918;0:25.395;;Jehan DARUVALA;;;A;Maserati MSG Racing;STELLANTIS;;false;
18;1;7;1:31.124;0;;28.903;0;28.916;0;33.305;0;120.5;11:39.088;10:31:39.088;0:28.903;0:28.916;0:33.305;;Jehan DARUVALA;;;A;Maserati MSG Racing;STELLANTIS;;false;
18;1;8;1:14.494;2;;25.296;2;23.854;2;25.344;2;147.4;12:53.582;10:32:53.582;0:25.296;0:23.854;0:25.344;;Jehan DARUVALA;;;A;Maserati MSG Racing;STELLANTIS;;false;
2;1;1;1:42.906;0;;40.669;0;27.856;0;34.381;0;100.1;1:42.906;10:21:42.906;0:40.669;0:27.856;0:34.381;;Stoffel VANDOORNE;0:00:13.708;;A;DS PENSKE;STELLANTIS;;false;
2;1;2;1:19.021;0;;25.265;0;24.371;0;29.385;0;139.0;3:01.927;10:23:01.927;0:25.265;0:24.371;0:29.385;;Stoffel VANDOORNE;;;A;DS PENSKE;STELLANTIS;;false;
2;1;3;1:14.242;3;;25.188;2;23.866;0;25.188;2;147.9;4:16.169;10:24:16.169;0:25.188;0:23.866;0:25.188;;Stoffel VANDOORNE;;;A;DS PENSKE;STELLANTIS;;false;
2;1;4;1:17.851;0;B;25.534;0;24.018;0;28.299;0;141.1;5:34.020;10:25:34.020;0:25.534;0:24.018;0:28.299;;Stoffel VANDOORNE;;;A;DS PENSKE;STELLANTIS;;false;
2;1;5;4:24.241;0;;3:29.004;0;26.962;0;28.275;0;41.6;9:58.261;10:29:58.261;3:29.004;0:26.962;0:28.275;;Stoffel VANDOORNE;0:03:06.533;;A;DS PENSKE;STELLANTIS;;false;
2;1;6;1:25.326;0;;25.292;0;25.321;0;34.713;0;128.7;11:23.587;10:31:23.587;0:25.292;0:25.321;0:34.713;;Stoffel VANDOORNE;;;A;DS PENSKE;STELLANTIS;;false;
2;1;7;1:14.270;0;;25.212;0;23.859;2;25.199;0;147.9;12:37.857;10:32:37.857;0:25.212;0:23.859;0:25.199;;Stoffel VANDOORNE;;;A;DS PENSKE;STELLANTIS;;false;
22;1;1;1:51.317;0;;54.604;0;26.846;0;29.867;0;92.5;1:51.317;10:21:51.317;0:54.604;0:26.846;0:29.867;;Oliver ROWLAND;0:00:26.363;;A;Nissan Formula E Team;Nissan;;false;
22;1;2;1:14.469;0;;25.267;0;23.874;0;25.328;0;147.5;3:05.786;10:23:05.786;0:25.267;0:23.874;0:25.328;;Oliver ROWLAND;;;A;Nissan Formula E Team;Nissan;;false;
22;1;3;1:44.482;0;;30.552;0;40.633;0;33.297;0;105.1;4:50.268;10:24:50.268;0:30.552;0:40.633;0:33.297;;Oliver ROWLAND;;;A;Nissan Formula E Team;Nissan;;false;
22;1;4;1:14.360;0;;25.220;2;23.843;0;25.297;0;147.7;6:04.628;10:26:04.628;0:25.220;0:23.843;0:25.297;;Oliver ROWLAND;;;A;Nissan Formula E Team;Nissan;;false;
22;1;5;1:16.634;0;B;25.625;0;23.931;0;27.078;0;143.3;7:21.262;10:27:21.262;0:25.625;0:23.931;0:27.078;;Oliver ROWLAND;;;A;Nissan Formula E Team;Nissan;;false;
22;1;6;3:44.013;0;;2:52.442;0;24.814;0;26.757;0;49.0;11:05.275;10:31:05.275;2:52.442;0:24.814;0:26.757;;Oliver ROWLAND;0:02:31.158;;A;Nissan Formula E Team;Nissan;;false;
22;1;7;1:14.252;2;;25.245;0;23.784;2;25.223;2;147.9;12:19.527;10:32:19.527;0:25.245;0:23.784;0:25.223;;Oliver ROWLAND;;;A;Nissan Formula E Team;Nissan;;false;
23;1;1;1:49.583;0;;51.044;0;29.309;0;29.230;0;94.0;1:49.583;10:21:49.583;0:51.044;0:29.309;0:29.230;;Sacha FENESTRAZ;0:00:21.009;;A;Nissan Formula E Team;Nissan;;false;
23;1;2;1:14.690;0;;25.407;0;23.983;0;25.300;2;147.1;3:04.273;10:23:04.273;0:25.407;0:23.983;0:25.300;;Sacha FENESTRAZ;;;A;Nissan Formula E Team;Nissan;;false;
23;1;3;1:42.058;0;;29.469;0;39.015;0;33.574;0;107.6;4:46.331;10:24:46.331;0:29.469;0:39.015;0:33.574;;Sacha FENESTRAZ;;;A;Nissan Formula E Team;Nissan;;false;
23;1;4;1:14.568;0;;25.451;0;23.804;2;25.313;0;147.3;6:00.899;10:26:00.899;0:25.451;0:23.804;0:25.313;;Sacha FENESTRAZ;;;A;Nissan Formula E Team;Nissan;;false;
23;1;5;1:17.608;0;B;25.323;0;23.823;0;28.462;0;141.5;7:18.507;10:27:18.507;0:25.323;0:23.823;0:28.462;;Sacha FENESTRAZ;;;A;Nissan Formula E Team;Nissan;;false;
23;1;6;3:52.765;0;;2:54.740;0;26.954;0;31.071;0;47.2;11:11.272;10:31:11.272;2:54.740;0:26.954;0:31.071;;Sacha FENESTRAZ;0:02:30.101;;A;Nissan Formula E Team;Nissan;;false;
23;1;7;1:14.520;2;;25.278;2;23.845;0;25.397;0;147.4;12:25.792;10:32:25.792;0:25.278;0:23.845;0:25.397;;Sacha FENESTRAZ;;;A;Nissan Formula E Team;Nissan;;false;
33;1;1;1:58.035;0;;59.970;0;28.595;0;29.470;0;87.3;1:58.035;10:21:58.035;0:59.970;0:28.595;0:29.470;;Dan TICKTUM;0:00:28.201;;A;ERT Formula E Team;Electric Racing Technologies;;false;
33;1;2;1:15.014;0;;25.490;0;24.055;0;25.469;0;146.4;3:13.049;10:23:13.049;0:25.490;0:24.055;0:25.469;;Dan TICKTUM;;;A;ERT Formula E Team;Electric Racing Technologies;;false;
33;1;3;1:18.174;0;B;25.600;0;24.013;0;28.561;0;140.5;4:31.223;10:24:31.223;0:25.600;0:24.013;0:28.561;;Dan TICKTUM;;;A;ERT Formula E Team;Electric Racing Technologies;;false;
33;1;4;3:47.913;0;;2:55.111;0;26.653;0;26.149;0;48.2;8:19.136;10:28:19.136;2:55.111;0:26.653;0:26.149;;Dan TICKTUM;0:02:33.806;;A;ERT Formula E Team;Electric Racing Technologies;;false;
33;1;5;1:14.481;2;;25.293;2;23.939;0;25.249;2;147.5;9:33.617;10:29:33.617;0:25.293;0:23.939;0:25.249;;Dan TICKTUM;;;A;ERT Formula E Team;Electric Racing Technologies;;false;
33;1;6;1:34.943;0;;31.571;0;31.953;0;31.419;0;115.7;11:08.560;10:31:08.560;0:31.571;0:31.953;0:31.419;;Dan TICKTUM;;;A;ERT Formula E Team;Electric Racing Technologies;;false;
33;1;7;1:14.633;0;;25.346;0;23.918;2;25.369;0;147.2;12:23.193;10:32:23.193;0:25.346;0:23.918;0:25.369;;Dan TICKTUM;;;A;ERT Formula E Team;Electric Racing Technologies;;false;
37;1;1;1:38.690;0;;37.436;0;29.745;0;31.509;0;104.4;1:38.690;10:21:38.690;0:37.436;0:29.745;0:31.509;;Nick CASSIDY;0:00:09.863;;A;Jaguar TCS Racing;Jaguar;;false;
37;1;2;1:14.682;0;;25.472;0;23.987;0;25.223;0;147.1;2:53.372;10:22:53.372;0:25.472;0:23.987;0:25.223;;Nick CASSIDY;;;A;Jaguar TCS Racing;Jaguar;;false;
37;1;3;1:40.701;0;;29.113;0;29.697;0;41.891;0;109.1;4:34.073;10:24:34.073;0:29.113;0:29.697;0:41.891;;Nick CASSIDY;;;A;Jaguar TCS Racing;Jaguar;;false;
37;1;4;1:14.316;2;;25.354;0;23.821;2;25.141;3;147.8;5:48.389;10:25:48.389;0:25.354;0:23.821;0:25.141;;Nick CASSIDY;;;A;Jaguar TCS Racing;Jaguar;;false;
37;1;5;1:20.281;0;B;26.101;0;24.743;0;29.437;0;136.8;7:08.670;10:27:08.670;0:26.101;0:24.743;0:29.437;;Nick CASSIDY;;;A;Jaguar TCS Racing;Jaguar;;false;
37;1;6;3:10.733;0;;2:16.012;0;27.664;0;27.057;0;57.6;10:19.403;10:30:19.403;2:16.012;0:27.664;0:27.057;;Nick CASSIDY;0:01:45.335;;A;Jaguar TCS Racing;Jaguar;;false;
37;1;7;1:26.759;0;;26.522;0;24.701;0;35.536;0;126.6;11:46.162;10:31:46.162;0:26.522;0:24.701;0:35.536;;Nick CASSIDY;;;A;Jaguar TCS Racing;Jaguar;;false;
37;1;8;1:14.417;0;;25.271;2;23.826;0;25.320;0;147.6;13:00.579;10:33:00.579;0:25.271;0:23.826;0:25.320;;Nick CASSIDY;;;A;Jaguar TCS Racing;Jaguar;;false;
7;1;1;1:46.128;0;;43.647;0;28.946;0;33.535;0;97.0;1:46.128;10:21:46.128;0:43.647;0:28.946;0:33.535;;Maximilian GÜNTHER;0:00:16.153;;A;Maserati MSG Racing;STELLANTIS;;false;
7;1;2;1:35.607;0;;31.462;0;31.347;0;32.798;0;114.9;3:21.735;10:23:21.735;0:31.462;0:31.347;0:32.798;;Maximilian GÜNTHER;;;A;Maserati MSG Racing;STELLANTIS;;false;
7;1;3;1:14.384;2;;25.441;0;23.746;3;25.197;2;147.7;4:36.119;10:24:36.119;0:25.441;0:23.746;0:25.197;;Maximilian GÜNTHER;;;A;Maserati MSG Racing;STELLANTIS;;false;
7;1;4;1:16.368;0;B;25.310;2;23.761;0;27.297;0;143.8;5:52.487;10:25:52.487;0:25.310;0:23.761;0:27.297;;Maximilian GÜNTHER;;;A;Maserati MSG Racing;STELLANTIS;;false;
7;1;5;3:03.364;0;;2:09.298;0;25.325;0;28.741;0;59.9;8:55.851;10:28:55.851;2:09.298;0:25.325;0:28.741;;Maximilian GÜNTHER;0:01:46.301;;A;Maserati MSG Racing;STELLANTIS;;false;
7;1;6;1:14.422;0;;25.393;0;23.791;0;25.238;0;147.6;10:10.273;10:30:10.273;0:25.393;0:23.791;0:25.238;;Maximilian GÜNTHER;;;A;Maserati MSG Racing;STELLANTIS;;false;
7;1;7;1:31.735;0;;27.906;0;30.761;0;33.068;0;119.7;11:42.008;10:31:42.008;0:27.906;0:30.761;0:33.068;;Maximilian GÜNTHER;;;A;Maserati MSG Racing;STELLANTIS;;false;
7;1;8;1:14.526;0;;25.333;0;23.787;0;25.406;0;147.4;12:56.534;10:32:56.534;0:25.333;0:23.787;0:25.406;;Maximilian GÜNTHER;;;A;Maserati MSG Racing;STELLANTIS;;false;
9;1;1;1:35.978;0;;35.963;0;29.566;0;30.449;0;107.3;1:35.978;10:21:35.978;0:35.963;0:29.566;0:30.449;;Mitch EVANS;0:00:08.047;;A;Jaguar TCS Racing;Jaguar;;false;
9;1;2;1:14.514;0;;25.334;0;23.838;0;25.342;0;147.4;2:50.492;10:22:50.492;0:25.334;0:23.838;0:25.342;;Mitch EVANS;;;A;Jaguar TCS Racing;Jaguar;;false;
9;1;3;1:34.859;0;;30.923;0;31.734;0;32.202;0;115.8;4:25.351;10:24:25.351;0:30.923;0:31.734;0:32.202;;Mitch EVANS;;;A;Jaguar TCS Racing;Jaguar;;false;
9;1;4;1:14.307;2;;25.274;0;23.815;0;25.218;2;147.8;5:39.658;10:25:39.658;0:25.274;0:23.815;0:25.218;;Mitch EVANS;;;A;Jaguar TCS Racing;Jaguar;;false;
9;1;5;1:21.033;0;B;25.891;0;25.689;0;29.453;0;135.5;7:00.691;10:27:00.691;0:25.891;0:25.689;0:29.453;;Mitch EVANS;;;A;Jaguar TCS Racing;Jaguar;;false;
9;1;6;3:21.535;0;;2:25.385;0;28.444;0;27.706;0;54.5;10:22.226;10:30:22.226;2:25.385;0:28.444;0:27.706;;Mitch EVANS;0:01:54.954;;A;Jaguar TCS Racing;Jaguar;;false;
9;1;7;1:27.018;0;;26.435;0;24.358;0;36.225;0;126.2;11:49.244;10:31:49.244;0:26.435;0:24.358;0:36.225;;Mitch EVANS;;;A;Jaguar TCS Racing;Jaguar;;false;
9;1;8;1:14.354;0;;25.243;2;23.806;2;25.305;0;147.7;13:03.598;10:33:03.598;0:25.243;0:23.806;0:25.305;;Mitch EVANS;;;A;Jaguar TCS Racing;Jaguar;;false;
