﻿NUMBER; DRIVER_NUMBER; LAP_NUMBER; LAP_TIME; LAP_IMPROVEMENT; CROSSING_FINISH_LINE_IN_PIT; S1; S1_IMPROVEMENT; S2; S2_IMPROVEMENT; S3; S3_IMPROVEMENT; KPH; ELAPSED; HOUR;S1_LARGE;S2_LARGE;S3_LARGE;TOP_SPEED;DRIVER_NAME;PIT_TIME;CLASS;GROUP;TEAM;MANUFACTURER;POWER;FANBOOST;ATTACK_MODE;
11;1;1;2:19.001;0;;1:15.463;0;27.843;0;35.695;0;77.7;2:19.001;15:39:19.001;1:15.463;0:27.843;0:35.695;;Lucas DI GRASSI;0:00:48.891;;B;LOLA YAMAHA ABT Formula E Team;LOLA;;false;false;
11;1;2;1:23.400;0;;23.390;0;25.917;0;34.093;0;129.5;3:42.401;15:40:42.401;0:23.390;0:25.917;0:34.093;;Lucas DI GRASSI;;;B;LOLA YAMAHA ABT Formula E Team;LOLA;;false;false;
11;1;3;1:22.207;0;;22.769;0;25.377;0;34.061;0;131.4;5:04.608;15:42:04.608;0:22.769;0:25.377;0:34.061;;Lucas DI GRASSI;;;B;LOLA YAMAHA ABT Formula E Team;LOLA;;false;false;
11;1;4;1:17.701;0;;21.672;2;24.079;0;31.950;0;139.0;6:22.309;15:43:22.309;0:21.672;0:24.079;0:31.950;;Lucas DI GRASSI;;;B;LOLA YAMAHA ABT Formula E Team;LOLA;;false;false;
11;1;5;1:53.752;0;;29.384;0;38.460;0;45.908;0;95.0;8:16.061;15:45:16.061;0:29.384;0:38.460;0:45.908;;Lucas DI GRASSI;;;B;LOLA YAMAHA ABT Formula E Team;LOLA;;false;false;
11;1;6;1:17.668;2;;21.913;0;23.986;2;31.769;0;139.1;9:33.729;15:46:33.729;0:21.913;0:23.986;0:31.769;;Lucas DI GRASSI;;;B;LOLA YAMAHA ABT Formula E Team;LOLA;;false;false;
11;1;7;2:05.690;0;;33.957;0;41.825;0;49.908;0;86.0;11:39.419;15:48:39.419;0:33.957;0:41.825;0:49.908;;Lucas DI GRASSI;;;B;LOLA YAMAHA ABT Formula E Team;LOLA;;false;false;
11;1;8;1:17.879;0;;22.142;0;24.241;0;31.496;2;138.7;12:57.298;15:49:57.298;0:22.142;0:24.241;0:31.496;;Lucas DI GRASSI;;;B;LOLA YAMAHA ABT Formula E Team;LOLA;;false;false;
13;1;1;2:00.008;0;;51.382;0;30.422;0;38.204;0;90.0;2:00.008;15:39:00.008;0:51.382;0:30.422;0:38.204;;António Félix DA COSTA;0:00:21.655;;B;TAG Heuer Porsche Formula E Team;PORSCHE;;false;false;
13;1;2;1:29.383;0;;24.379;0;28.439;0;36.565;0;120.9;3:29.391;15:40:29.391;0:24.379;0:28.439;0:36.565;;António Félix DA COSTA;;;B;TAG Heuer Porsche Formula E Team;PORSCHE;;false;false;
13;1;3;1:24.845;0;;23.503;0;25.548;0;35.794;0;127.3;4:54.236;15:41:54.236;0:23.503;0:25.548;0:35.794;;António Félix DA COSTA;;;B;TAG Heuer Porsche Formula E Team;PORSCHE;;false;false;
13;1;4;1:17.210;0;;21.822;0;23.954;2;31.434;0;139.9;6:11.446;15:43:11.446;0:21.822;0:23.954;0:31.434;;António Félix DA COSTA;;;B;TAG Heuer Porsche Formula E Team;PORSCHE;;false;false;
13;1;5;1:42.861;0;;31.346;0;34.861;0;36.654;0;105.0;7:54.307;15:44:54.307;0:31.346;0:34.861;0:36.654;;António Félix DA COSTA;;;B;TAG Heuer Porsche Formula E Team;PORSCHE;;false;false;
13;1;6;1:17.111;0;;21.753;0;23.990;0;31.368;3;140.1;9:11.418;15:46:11.418;0:21.753;0:23.990;0:31.368;;António Félix DA COSTA;;;B;TAG Heuer Porsche Formula E Team;PORSCHE;;false;false;
13;1;7;1:50.824;0;;29.553;0;40.289;0;40.982;0;97.5;11:02.242;15:48:02.242;0:29.553;0:40.289;0:40.982;;António Félix DA COSTA;;;B;TAG Heuer Porsche Formula E Team;PORSCHE;;false;false;
13;1;8;1:17.068;2;;21.664;3;24.008;0;31.396;0;140.2;12:19.310;15:49:19.310;0:21.664;0:24.008;0:31.396;;António Félix DA COSTA;;;B;TAG Heuer Porsche Formula E Team;PORSCHE;;false;false;
16;1;1;2:02.459;0;;53.931;0;31.137;0;37.391;0;88.2;2:02.459;15:39:02.459;0:53.931;0:31.137;0:37.391;;Sébastien BUEMI;0:00:25.219;;B;Envision Racing;JAGUAR;;false;false;
16;1;2;1:27.749;0;;24.901;0;27.053;0;35.795;0;123.1;3:30.208;15:40:30.208;0:24.901;0:27.053;0:35.795;;Sébastien BUEMI;;;B;Envision Racing;JAGUAR;;false;false;
16;1;3;1:25.881;0;;23.882;0;26.478;0;35.521;0;125.8;4:56.089;15:41:56.089;0:23.882;0:26.478;0:35.521;;Sébastien BUEMI;;;B;Envision Racing;JAGUAR;;false;false;
16;1;4;1:30.160;0;;24.439;0;25.688;0;40.033;0;119.8;6:26.249;15:43:26.249;0:24.439;0:25.688;0:40.033;;Sébastien BUEMI;;;B;Envision Racing;JAGUAR;;false;false;
16;1;5;1:17.965;0;;21.976;0;24.195;0;31.794;0;138.6;7:44.214;15:44:44.214;0:21.976;0:24.195;0:31.794;;Sébastien BUEMI;;;B;Envision Racing;JAGUAR;;false;false;
16;1;6;1:37.166;0;;27.891;0;32.479;0;36.796;0;111.2;9:21.380;15:46:21.380;0:27.891;0:32.479;0:36.796;;Sébastien BUEMI;;;B;Envision Racing;JAGUAR;;false;false;
16;1;7;1:31.916;0;;26.228;0;28.603;0;37.085;0;117.5;10:53.296;15:47:53.296;0:26.228;0:28.603;0:37.085;;Sébastien BUEMI;;;B;Envision Racing;JAGUAR;;false;false;
16;1;8;1:17.686;2;;21.925;2;24.165;2;31.596;2;139.1;12:10.982;15:49:10.982;0:21.925;0:24.165;0:31.596;;Sébastien BUEMI;;;B;Envision Racing;JAGUAR;;false;false;
17;1;1;2:19.432;0;;1:13.471;0;28.498;0;37.463;0;77.5;2:19.432;15:39:19.432;1:13.471;0:28.498;0:37.463;;Norman NATO;0:00:44.458;;B;Nissan Formula E Team;NISSAN;;false;false;
17;1;2;1:26.849;0;;24.801;0;27.506;0;34.542;0;124.4;3:46.281;15:40:46.281;0:24.801;0:27.506;0:34.542;;Norman NATO;;;B;Nissan Formula E Team;NISSAN;;false;false;
17;1;3;1:23.779;0;;23.077;0;26.218;0;34.484;0;129.0;5:10.060;15:42:10.060;0:23.077;0:26.218;0:34.484;;Norman NATO;;;B;Nissan Formula E Team;NISSAN;;false;false;
17;1;4;1:28.646;0;;27.626;0;26.344;0;34.676;0;121.9;6:38.706;15:43:38.706;0:27.626;0:26.344;0:34.676;;Norman NATO;;;B;Nissan Formula E Team;NISSAN;;false;false;
17;1;5;1:17.197;0;;21.823;0;23.937;2;31.437;0;139.9;7:55.903;15:44:55.903;0:21.823;0:23.937;0:31.437;;Norman NATO;;;B;Nissan Formula E Team;NISSAN;;false;false;
17;1;6;1:44.894;0;;27.741;0;32.944;0;44.209;0;103.0;9:40.797;15:46:40.797;0:27.741;0:32.944;0:44.209;;Norman NATO;;;B;Nissan Formula E Team;NISSAN;;false;false;
17;1;7;1:36.226;0;;25.740;0;29.259;0;41.227;0;112.3;11:17.023;15:48:17.023;0:25.740;0:29.259;0:41.227;;Norman NATO;;;B;Nissan Formula E Team;NISSAN;;false;false;
17;1;8;1:17.189;2;;21.746;2;24.029;0;31.414;2;140.0;12:34.212;15:49:34.212;0:21.746;0:24.029;0:31.414;;Norman NATO;;;B;Nissan Formula E Team;NISSAN;;false;false;
21;1;1;2:43.827;0;;1:40.448;0;27.339;0;36.040;0;65.9;2:43.827;15:39:43.827;1:40.448;0:27.339;0:36.040;;Nyck DE VRIES;0:01:13.923;;B;MAHINDRA RACING;MAHINDRA RACING;;false;false;
21;1;2;1:23.669;0;;23.810;0;25.860;0;33.999;0;129.1;4:07.496;15:41:07.496;0:23.810;0:25.860;0:33.999;;Nyck DE VRIES;;;B;MAHINDRA RACING;MAHINDRA RACING;;false;false;
21;1;3;1:21.736;0;;22.596;0;24.762;0;34.378;0;132.2;5:29.232;15:42:29.232;0:22.596;0:24.762;0:34.378;;Nyck DE VRIES;;;B;MAHINDRA RACING;MAHINDRA RACING;;false;false;
21;1;4;1:17.494;0;;21.769;0;23.982;0;31.743;0;139.4;6:46.726;15:43:46.726;0:21.769;0:23.982;0:31.743;;Nyck DE VRIES;;;B;MAHINDRA RACING;MAHINDRA RACING;;false;false;
21;1;5;1:39.591;0;;28.163;0;30.601;0;40.827;0;108.5;8:26.317;15:45:26.317;0:28.163;0:30.601;0:40.827;;Nyck DE VRIES;;;B;MAHINDRA RACING;MAHINDRA RACING;;false;false;
21;1;6;1:17.156;2;;21.716;0;23.932;2;31.508;2;140.0;9:43.473;15:46:43.473;0:21.716;0:23.932;0:31.508;;Nyck DE VRIES;;;B;MAHINDRA RACING;MAHINDRA RACING;;false;false;
21;1;7;2:00.692;0;;31.954;0;40.186;0;48.552;0;89.5;11:44.165;15:48:44.165;0:31.954;0:40.186;0:48.552;;Nyck DE VRIES;;;B;MAHINDRA RACING;MAHINDRA RACING;;false;false;
21;1;8;1:17.218;0;;21.708;2;23.946;0;31.564;0;139.9;13:01.383;15:50:01.383;0:21.708;0:23.946;0:31.564;;Nyck DE VRIES;;;B;MAHINDRA RACING;MAHINDRA RACING;;false;false;
25;1;1;2:13.521;0;;1:06.430;0;29.064;0;38.027;0;80.9;2:13.521;15:39:13.521;1:06.430;0:29.064;0:38.027;;Jean-Éric VERGNE;0:00:38.331;;B;DS PENSKE;STELLANTIS;;false;false;
25;1;2;1:30.137;0;;24.918;0;29.159;0;36.060;0;119.9;3:43.658;15:40:43.658;0:24.918;0:29.159;0:36.060;;Jean-Éric VERGNE;;;B;DS PENSKE;STELLANTIS;;false;false;
25;1;3;1:28.132;0;;24.539;0;28.551;0;35.042;0;122.6;5:11.790;15:42:11.790;0:24.539;0:28.551;0:35.042;;Jean-Éric VERGNE;;;B;DS PENSKE;STELLANTIS;;false;false;
25;1;4;1:21.904;0;;22.812;0;25.572;0;33.520;0;131.9;6:33.694;15:43:33.694;0:22.812;0:25.572;0:33.520;;Jean-Éric VERGNE;;;B;DS PENSKE;STELLANTIS;;false;false;
25;1;5;1:17.237;2;;21.735;2;24.033;2;31.469;2;139.9;7:50.931;15:44:50.931;0:21.735;0:24.033;0:31.469;;Jean-Éric VERGNE;;;B;DS PENSKE;STELLANTIS;;false;false;
25;1;6;1:43.435;0;;28.814;0;33.658;0;40.963;0;104.4;9:34.366;15:46:34.366;0:28.814;0:33.658;0:40.963;;Jean-Éric VERGNE;;;B;DS PENSKE;STELLANTIS;;false;false;
25;1;7;1:47.247;0;;28.187;0;33.496;0;45.564;0;100.7;11:21.613;15:48:21.613;0:28.187;0:33.496;0:45.564;;Jean-Éric VERGNE;;;B;DS PENSKE;STELLANTIS;;false;false;
25;1;8;1:17.561;0;;22.018;0;24.073;0;31.470;0;139.3;12:39.174;15:49:39.174;0:22.018;0:24.073;0:31.470;;Jean-Éric VERGNE;;;B;DS PENSKE;STELLANTIS;;false;false;
4;1;1;1:48.348;0;;42.547;0;28.803;0;36.998;0;99.7;1:48.348;15:38:48.348;0:42.547;0:28.803;0:36.998;;Robin FRIJNS;0:00:16.477;;B;Envision Racing;JAGUAR;;false;false;
4;1;2;1:27.504;0;;24.492;0;26.398;0;36.614;0;123.5;3:15.852;15:40:15.852;0:24.492;0:26.398;0:36.614;;Robin FRIJNS;;;B;Envision Racing;JAGUAR;;false;false;
4;1;3;1:18.119;0;;21.940;0;24.461;0;31.718;0;138.3;4:33.971;15:41:33.971;0:21.940;0:24.461;0:31.718;;Robin FRIJNS;;;B;Envision Racing;JAGUAR;;false;false;
4;1;4;1:41.853;0;;27.230;0;34.094;0;40.529;0;106.1;6:15.824;15:43:15.824;0:27.230;0:34.094;0:40.529;;Robin FRIJNS;;;B;Envision Racing;JAGUAR;;false;false;
4;1;5;1:17.704;0;;21.987;0;23.960;2;31.757;0;139.0;7:33.528;15:44:33.528;0:21.987;0:23.960;0:31.757;;Robin FRIJNS;;;B;Envision Racing;JAGUAR;;false;false;
4;1;6;1:46.047;0;;26.533;0;35.568;0;43.946;0;101.9;9:19.575;15:46:19.575;0:26.533;0:35.568;0:43.946;;Robin FRIJNS;;;B;Envision Racing;JAGUAR;;false;false;
4;1;7;1:38.097;0;;28.455;0;31.960;0;37.682;0;110.1;10:57.672;15:47:57.672;0:28.455;0:31.960;0:37.682;;Robin FRIJNS;;;B;Envision Racing;JAGUAR;;false;false;
4;1;8;1:17.482;2;;21.818;2;24.058;0;31.606;2;139.4;12:15.154;15:49:15.154;0:21.818;0:24.058;0:31.606;;Robin FRIJNS;;;B;Envision Racing;JAGUAR;;false;false;
48;1;1;2:36.044;0;;1:31.638;0;28.883;0;35.523;0;69.2;2:36.044;15:39:36.044;1:31.638;0:28.883;0:35.523;;Edoardo MORTARA;0:01:03.522;;B;MAHINDRA RACING;MAHINDRA RACING;;false;false;
48;1;2;1:24.418;0;;23.803;0;26.575;0;34.040;0;128.0;4:00.462;15:41:00.462;0:23.803;0:26.575;0:34.040;;Edoardo MORTARA;;;B;MAHINDRA RACING;MAHINDRA RACING;;false;false;
48;1;3;1:23.926;0;;23.025;0;27.169;0;33.732;0;128.7;5:24.388;15:42:24.388;0:23.025;0:27.169;0:33.732;;Edoardo MORTARA;;;B;MAHINDRA RACING;MAHINDRA RACING;;false;false;
48;1;4;1:17.330;0;;21.810;0;23.982;0;31.538;0;139.7;6:41.718;15:43:41.718;0:21.810;0:23.982;0:31.538;;Edoardo MORTARA;;;B;MAHINDRA RACING;MAHINDRA RACING;;false;false;
48;1;5;1:39.410;0;;26.919;0;34.946;0;37.545;0;108.7;8:21.128;15:45:21.128;0:26.919;0:34.946;0:37.545;;Edoardo MORTARA;;;B;MAHINDRA RACING;MAHINDRA RACING;;false;false;
48;1;6;1:17.028;2;;21.765;0;23.849;2;31.414;2;140.3;9:38.156;15:46:38.156;0:21.765;0:23.849;0:31.414;;Edoardo MORTARA;;;B;MAHINDRA RACING;MAHINDRA RACING;;false;false;
48;1;7;1:46.997;0;;31.009;0;36.046;0;39.942;0;101.0;11:25.153;15:48:25.153;0:31.009;0:36.046;0:39.942;;Edoardo MORTARA;;;B;MAHINDRA RACING;MAHINDRA RACING;;false;false;
48;1;8;1:17.135;0;;21.752;2;23.949;0;31.434;0;140.1;12:42.288;15:49:42.288;0:21.752;0:23.949;0:31.434;;Edoardo MORTARA;;;B;MAHINDRA RACING;MAHINDRA RACING;;false;false;
5;1;1;1:47.755;0;;43.963;0;27.658;0;36.134;0;100.3;1:47.755;15:38:47.755;0:43.963;0:27.658;0:36.134;;Taylor BARNARD;0:00:17.531;;B;NEOM McLaren Formula E Team;NISSAN;;false;false;
5;1;2;1:25.029;0;;24.453;0;26.049;0;34.527;0;127.1;3:12.784;15:40:12.784;0:24.453;0:26.049;0:34.527;;Taylor BARNARD;;;B;NEOM McLaren Formula E Team;NISSAN;;false;false;
5;1;3;1:17.587;0;;22.099;0;23.988;0;31.500;0;139.2;4:30.371;15:41:30.371;0:22.099;0:23.988;0:31.500;;Taylor BARNARD;;;B;NEOM McLaren Formula E Team;NISSAN;;false;false;
5;1;4;1:39.699;0;;28.104;0;33.810;0;37.785;0;108.4;6:10.070;15:43:10.070;0:28.104;0:33.810;0:37.785;;Taylor BARNARD;;;B;NEOM McLaren Formula E Team;NISSAN;;false;false;
5;1;5;1:16.922;3;;21.707;2;23.827;2;31.388;2;140.4;7:26.992;15:44:26.992;0:21.707;0:23.827;0:31.388;;Taylor BARNARD;;;B;NEOM McLaren Formula E Team;NISSAN;;false;false;
5;1;6;1:51.890;0;;31.014;0;36.436;0;44.440;0;96.6;9:18.882;15:46:18.882;0:31.014;0:36.436;0:44.440;;Taylor BARNARD;;;B;NEOM McLaren Formula E Team;NISSAN;;false;false;
5;1;7;1:46.868;0;;28.098;0;33.342;0;45.428;0;101.1;11:05.750;15:48:05.750;0:28.098;0:33.342;0:45.428;;Taylor BARNARD;;;B;NEOM McLaren Formula E Team;NISSAN;;false;false;
5;1;8;1:16.999;0;;21.731;0;23.861;0;31.407;0;140.3;12:22.749;15:49:22.749;0:21.731;0:23.861;0:31.407;;Taylor BARNARD;;;B;NEOM McLaren Formula E Team;NISSAN;;false;false;
51;1;1;1:50.417;0;;43.417;0;28.812;0;38.188;0;97.8;1:50.417;15:38:50.417;0:43.417;0:28.812;0:38.188;;Nico MÜLLER;0:00:15.087;;B;Andretti Formula E;PORSCHE;;false;false;
51;1;2;1:30.157;0;;24.671;0;27.722;0;37.764;0;119.8;3:20.574;15:40:20.574;0:24.671;0:27.722;0:37.764;;Nico MÜLLER;;;B;Andretti Formula E;PORSCHE;;false;false;
51;1;3;1:27.748;0;;24.629;0;26.838;0;36.281;0;123.1;4:48.322;15:41:48.322;0:24.629;0:26.838;0:36.281;;Nico MÜLLER;;;B;Andretti Formula E;PORSCHE;;false;false;
51;1;4;1:31.194;0;;23.876;0;26.447;0;40.871;0;118.5;6:19.516;15:43:19.516;0:23.876;0:26.447;0:40.871;;Nico MÜLLER;;;B;Andretti Formula E;PORSCHE;;false;false;
51;1;5;1:17.935;0;;22.016;2;24.313;0;31.606;2;138.6;7:37.451;15:44:37.451;0:22.016;0:24.313;0:31.606;;Nico MÜLLER;;;B;Andretti Formula E;PORSCHE;;false;false;
51;1;6;1:46.812;0;;28.656;0;34.979;0;43.177;0;101.1;9:24.263;15:46:24.263;0:28.656;0:34.979;0:43.177;;Nico MÜLLER;;;B;Andretti Formula E;PORSCHE;;false;false;
51;1;7;1:46.949;0;;27.317;0;37.720;0;41.912;0;101.0;11:11.212;15:48:11.212;0:27.317;0:37.720;0:41.912;;Nico MÜLLER;;;B;Andretti Formula E;PORSCHE;;false;false;
51;1;8;1:17.798;2;;22.138;0;23.968;2;31.692;0;138.9;12:29.010;15:49:29.010;0:22.138;0:23.968;0:31.692;;Nico MÜLLER;;;B;Andretti Formula E;PORSCHE;;false;false;
55;1;1;1:51.240;0;;47.575;0;27.818;0;35.847;0;97.1;1:51.240;15:38:51.240;0:47.575;0:27.818;0:35.847;;Jake HUGHES;0:00:19.395;;B;Maserati MSG Racing;STELLANTIS;;false;false;
55;1;2;1:25.310;0;;24.164;0;26.196;0;34.950;0;126.6;3:16.550;15:40:16.550;0:24.164;0:26.196;0:34.950;;Jake HUGHES;;;B;Maserati MSG Racing;STELLANTIS;;false;false;
55;1;3;1:20.752;0;;22.665;0;24.948;0;33.139;0;133.8;4:37.302;15:41:37.302;0:22.665;0:24.948;0:33.139;;Jake HUGHES;;;B;Maserati MSG Racing;STELLANTIS;;false;false;
55;1;4;1:19.405;0;;22.096;0;24.373;0;32.936;0;136.1;5:56.707;15:42:56.707;0:22.096;0:24.373;0:32.936;;Jake HUGHES;;;B;Maserati MSG Racing;STELLANTIS;;false;false;
55;1;5;1:30.860;0;;25.886;0;28.534;0;36.440;0;118.9;7:27.567;15:44:27.567;0:25.886;0:28.534;0:36.440;;Jake HUGHES;;;B;Maserati MSG Racing;STELLANTIS;;false;false;
55;1;6;1:16.990;2;;21.843;0;23.776;3;31.371;2;140.3;8:44.557;15:45:44.557;0:21.843;0:23.776;0:31.371;;Jake HUGHES;;;B;Maserati MSG Racing;STELLANTIS;;false;false;
55;1;7;1:37.220;0;;27.966;0;30.065;0;39.189;0;111.1;10:21.777;15:47:21.777;0:27.966;0:30.065;0:39.189;;Jake HUGHES;;;B;Maserati MSG Racing;STELLANTIS;;false;false;
55;1;8;1:29.414;0;;26.322;0;28.284;0;34.808;0;120.8;11:51.191;15:48:51.191;0:26.322;0:28.284;0:34.808;;Jake HUGHES;;;B;Maserati MSG Racing;STELLANTIS;;false;false;
55;1;9;1:17.288;0;;21.822;2;23.831;0;31.635;0;139.8;13:08.479;15:50:08.479;0:21.822;0:23.831;0:31.635;;Jake HUGHES;;;B;Maserati MSG Racing;STELLANTIS;;false;false;
