﻿NUMBER; DRIVER_NUMBER; LAP_NUMBER; LAP_TIME; LAP_IMPROVEMENT; CROSSING_FINISH_LINE_IN_PIT; S1; S1_IMPROVEMENT; S2; S2_IMPROVEMENT; S3; S3_IMPROVEMENT; KPH; ELAPSED; HOUR;S1_LARGE;S2_LARGE;S3_LARGE;TOP_SPEED;DRIVER_NAME;PIT_TIME;CLASS;GROUP;TEAM;MANUFACTURER;POWER;FANBOOST;
1;1;1;2:00.449;0;;1:02.002;0;33.892;0;24.555;0;79.0;2:00.449;09:59:00.449;1:02.002;0:33.892;0:24.555;;Pascal WEHRLEIN;0:00:29.917;;B;TAG Heuer Porsche Formula E Team;PORSCHE;;false;
1;1;2;1:23.369;0;;28.585;0;31.781;0;23.003;0;126.7;3:23.818;10:00:23.818;0:28.585;0:31.781;0:23.003;;Pascal WEHRLEIN;;;B;TAG Heuer Porsche Formula E Team;PORSCHE;;false;
1;1;3;1:22.235;0;;28.069;0;31.649;0;22.517;0;128.4;4:46.053;10:01:46.053;0:28.069;0:31.649;0:22.517;;Pascal WEHRLEIN;;;B;TAG Heuer Porsche Formula E Team;PORSCHE;;false;
1;1;4;8:48.919;0;B;57.062;0;46.381;0;7:05.476;0;20.0;13:34.972;10:10:34.972;0:57.062;0:46.381;7:05.476;;Pascal WEHRLEIN;;;B;TAG Heuer Porsche Formula E Team;PORSCHE;;false;
1;1;5;1:22.646;0;;30.484;0;29.968;0;22.194;0;127.8;14:57.618;10:11:57.618;0:30.484;0:29.968;0:22.194;;Pascal WEHRLEIN;0:06:39.811;;B;TAG Heuer Porsche Formula E Team;PORSCHE;;false;
1;1;6;1:11.717;3;;23.036;0;27.577;3;21.104;2;147.2;16:09.335;10:13:09.335;0:23.036;0:27.577;0:21.104;;Pascal WEHRLEIN;;;B;TAG Heuer Porsche Formula E Team;PORSCHE;;false;
1;1;7;1:31.285;0;;28.837;0;39.321;0;23.127;0;115.7;17:40.620;10:14:40.620;0:28.837;0:39.321;0:23.127;;Pascal WEHRLEIN;;;B;TAG Heuer Porsche Formula E Team;PORSCHE;;false;
1;1;8;1:11.827;0;;22.947;2;27.628;0;21.252;0;147.0;18:52.447;10:15:52.447;0:22.947;0:27.628;0:21.252;;Pascal WEHRLEIN;;;B;TAG Heuer Porsche Formula E Team;PORSCHE;;false;
17;1;1;2:24.153;0;;1:26.232;0;33.418;0;24.503;0;66.0;2:24.153;09:59:24.153;1:26.232;0:33.418;0:24.503;;Norman NATO;0:00:53.678;;B;Nissan Formula E Team;NISSAN;;false;
17;1;2;1:21.596;0;;26.527;0;31.957;0;23.112;0;129.4;3:45.749;10:00:45.749;0:26.527;0:31.957;0:23.112;;Norman NATO;;;B;Nissan Formula E Team;NISSAN;;false;
17;1;3;9:20.597;0;B;25.839;0;31.666;0;8:23.092;0;18.8;13:06.346;10:10:06.346;0:25.839;0:31.666;8:23.092;;Norman NATO;;;B;Nissan Formula E Team;NISSAN;;false;
17;1;4;1:29.777;0;;31.640;0;33.594;0;24.543;0;117.6;14:36.123;10:11:36.123;0:31.640;0:33.594;0:24.543;;Norman NATO;0:07:43.959;;B;Nissan Formula E Team;NISSAN;;false;
17;1;5;1:26.559;0;;27.671;0;36.222;0;22.666;0;122.0;16:02.682;10:13:02.682;0:27.671;0:36.222;0:22.666;;Norman NATO;;;B;Nissan Formula E Team;NISSAN;;false;
17;1;6;1:12.154;0;;23.044;0;27.973;0;21.137;2;146.3;17:14.836;10:14:14.836;0:23.044;0:27.973;0:21.137;;Norman NATO;;;B;Nissan Formula E Team;NISSAN;;false;
17;1;7;1:36.128;0;;31.109;0;40.485;0;24.534;0;109.8;18:50.964;10:15:50.964;0:31.109;0:40.485;0:24.534;;Norman NATO;;;B;Nissan Formula E Team;NISSAN;;false;
17;1;8;1:11.972;2;;23.020;2;27.749;2;21.203;0;146.7;20:02.936;10:17:02.936;0:23.020;0:27.749;0:21.203;;Norman NATO;;;B;Nissan Formula E Team;NISSAN;;false;
2;1;1;1:37.882;0;;39.605;0;33.780;0;24.497;0;97.2;1:37.882;09:58:37.882;0:39.605;0:33.780;0:24.497;;Stoffel VANDOORNE;0:00:06.980;;B;Maserati MSG Racing;STELLANTIS;;false;
2;1;2;1:23.059;0;;25.770;0;32.173;0;25.116;0;127.1;3:00.941;10:00:00.941;0:25.770;0:32.173;0:25.116;;Stoffel VANDOORNE;;;B;Maserati MSG Racing;STELLANTIS;;false;
2;1;3;11:04.727;0;B;25.434;0;29.750;0;10:09.543;0;15.9;14:05.668;10:11:05.668;0:25.434;0:29.750;10:09.543;;Stoffel VANDOORNE;;;B;Maserati MSG Racing;STELLANTIS;;false;
2;1;4;1:27.095;0;;32.670;0;31.560;0;22.865;0;121.2;15:32.763;10:12:32.763;0:32.670;0:31.560;0:22.865;;Stoffel VANDOORNE;0:09:52.628;;B;Maserati MSG Racing;STELLANTIS;;false;
2;1;5;1:17.737;0;;24.270;0;29.320;0;24.147;0;135.8;16:50.500;10:13:50.500;0:24.270;0:29.320;0:24.147;;Stoffel VANDOORNE;;;B;Maserati MSG Racing;STELLANTIS;;false;
2;1;6;1:12.046;2;;22.928;3;27.923;0;21.195;2;146.6;18:02.546;10:15:02.546;0:22.928;0:27.923;0:21.195;;Stoffel VANDOORNE;;;B;Maserati MSG Racing;STELLANTIS;;false;
2;1;7;1:41.794;0;;28.127;0;38.213;0;35.454;0;103.7;19:44.340;10:16:44.340;0:28.127;0:38.213;0:35.454;;Stoffel VANDOORNE;;;B;Maserati MSG Racing;STELLANTIS;;false;
2;1;8;1:12.148;0;;23.085;0;27.660;2;21.403;0;146.3;20:56.488;10:17:56.488;0:23.085;0:27.660;0:21.403;;Stoffel VANDOORNE;;;B;Maserati MSG Racing;STELLANTIS;;false;
22;1;1;1:25.896;0;;34.217;0;29.479;0;22.200;0;110.7;1:25.896;09:58:25.896;0:34.217;0:29.479;0:22.200;;Zane MALONEY;0:00:05.472;;B;LOLA YAMAHA ABT Formula E Team;LOLA;;false;
22;1;2;1:13.138;0;;23.500;0;28.146;0;21.492;0;144.4;2:39.034;09:59:39.034;0:23.500;0:28.146;0:21.492;;Zane MALONEY;;;B;LOLA YAMAHA ABT Formula E Team;LOLA;;false;
22;1;3;10:53.124;0;B;23.484;0;28.256;0;10:01.384;0;16.2;13:32.158;10:10:32.158;0:23.484;0:28.256;10:01.384;;Zane MALONEY;;;B;LOLA YAMAHA ABT Formula E Team;LOLA;;false;
22;1;4;1:22.602;0;;30.443;0;29.798;0;22.361;0;127.8;14:54.760;10:11:54.760;0:30.443;0:29.798;0:22.361;;Zane MALONEY;0:09:44.640;;B;LOLA YAMAHA ABT Formula E Team;LOLA;;false;
22;1;5;1:19.585;0;;26.027;0;29.344;0;24.214;0;132.7;16:14.345;10:13:14.345;0:26.027;0:29.344;0:24.214;;Zane MALONEY;;;B;LOLA YAMAHA ABT Formula E Team;LOLA;;false;
22;1;6;1:12.550;2;;23.186;0;27.956;2;21.408;2;145.5;17:26.895;10:14:26.895;0:23.186;0:27.956;0:21.408;;Zane MALONEY;;;B;LOLA YAMAHA ABT Formula E Team;LOLA;;false;
22;1;7;1:41.929;0;;26.777;0;45.700;0;29.452;0;103.6;19:08.824;10:16:08.824;0:26.777;0:45.700;0:29.452;;Zane MALONEY;;;B;LOLA YAMAHA ABT Formula E Team;LOLA;;false;
22;1;8;1:14.429;0;;23.183;2;29.570;0;21.676;0;141.9;20:23.253;10:17:23.253;0:23.183;0:29.570;0:21.676;;Zane MALONEY;;;B;LOLA YAMAHA ABT Formula E Team;LOLA;;false;
33;1;1;2:15.858;0;;1:17.461;0;33.101;0;25.296;0;70.0;2:15.858;09:59:15.858;1:17.461;0:33.101;0:25.296;;Dan TICKTUM;0:00:44.512;;B;Cupra Kiro;PORSCHE;;false;
33;1;2;1:23.593;0;;26.227;0;31.365;0;26.001;0;126.3;3:39.451;10:00:39.451;0:26.227;0:31.365;0:26.001;;Dan TICKTUM;;;B;Cupra Kiro;PORSCHE;;false;
33;1;3;9:29.856;0;B;24.939;0;31.307;0;8:33.610;0;18.5;13:09.307;10:10:09.307;0:24.939;0:31.307;8:33.610;;Dan TICKTUM;;;B;Cupra Kiro;PORSCHE;;false;
33;1;4;1:25.808;0;;29.362;0;31.033;0;25.413;0;123.1;14:35.115;10:11:35.115;0:29.362;0:31.033;0:25.413;;Dan TICKTUM;0:08:05.420;;B;Cupra Kiro;PORSCHE;;false;
33;1;5;1:22.667;0;;25.323;0;33.195;0;24.149;0;127.7;15:57.782;10:12:57.782;0:25.323;0:33.195;0:24.149;;Dan TICKTUM;;;B;Cupra Kiro;PORSCHE;;false;
33;1;6;1:12.160;0;;23.033;0;27.941;0;21.186;2;146.3;17:09.942;10:14:09.942;0:23.033;0:27.941;0:21.186;;Dan TICKTUM;;;B;Cupra Kiro;PORSCHE;;false;
33;1;7;1:33.258;0;;28.744;0;37.535;0;26.979;0;113.2;18:43.200;10:15:43.200;0:28.744;0:37.535;0:26.979;;Dan TICKTUM;;;B;Cupra Kiro;PORSCHE;;false;
33;1;8;1:12.047;2;;23.138;0;27.699;2;21.210;0;146.6;19:55.247;10:16:55.247;0:23.138;0:27.699;0:21.210;;Dan TICKTUM;;;B;Cupra Kiro;PORSCHE;;false;
4;1;1;3:04.055;0;;2:09.871;0;31.213;0;22.971;0;51.7;3:04.055;10:00:04.055;2:09.871;0:31.213;0:22.971;;Robin FRIJNS;0:01:39.449;;B;Envision Racing;JAGUAR;;false;
4;1;2;1:16.358;0;;24.591;0;29.413;0;22.354;0;138.3;4:20.413;10:01:20.413;0:24.591;0:29.413;0:22.354;;Robin FRIJNS;;;B;Envision Racing;JAGUAR;;false;
4;1;3;8:47.613;0;B;25.249;0;1:00.352;0;7:22.012;0;20.0;13:08.026;10:10:08.026;0:25.249;1:00.352;7:22.012;;Robin FRIJNS;;;B;Envision Racing;JAGUAR;;false;
4;1;4;1:24.794;0;;30.144;0;30.859;0;23.791;0;124.5;14:32.820;10:11:32.820;0:30.144;0:30.859;0:23.791;;Robin FRIJNS;0:07:01.742;;B;Envision Racing;JAGUAR;;false;
4;1;5;1:12.199;0;;23.228;0;27.765;2;21.206;2;146.2;15:45.019;10:12:45.019;0:23.228;0:27.765;0:21.206;;Robin FRIJNS;;;B;Envision Racing;JAGUAR;;false;
4;1;6;1:20.541;0;;27.275;0;30.505;0;22.761;0;131.1;17:05.560;10:14:05.560;0:27.275;0:30.505;0:22.761;;Robin FRIJNS;;;B;Envision Racing;JAGUAR;;false;
4;1;7;1:12.161;2;;22.989;0;27.865;0;21.307;0;146.3;18:17.721;10:15:17.721;0:22.989;0:27.865;0:21.307;;Robin FRIJNS;;;B;Envision Racing;JAGUAR;;false;
4;1;8;1:31.873;0;;25.484;0;37.335;0;29.054;0;114.9;19:49.594;10:16:49.594;0:25.484;0:37.335;0:29.054;;Robin FRIJNS;;;B;Envision Racing;JAGUAR;;false;
4;1;9;1:12.408;0;;22.944;2;27.906;0;21.558;0;145.8;21:02.002;10:18:02.002;0:22.944;0:27.906;0:21.558;;Robin FRIJNS;;;B;Envision Racing;JAGUAR;;false;
48;1;1;4:38.891;0;;3:42.410;0;32.575;0;23.906;0;34.1;4:38.891;10:01:38.891;3:42.410;0:32.575;0:23.906;;Edoardo MORTARA;0:03:11.561;;B;MAHINDRA RACING;MAHINDRA RACING;;false;
48;1;2;8:25.293;0;B;39.452;0;49.958;0;6:55.883;0;20.9;13:04.184;10:10:04.184;0:39.452;0:49.958;6:55.883;;Edoardo MORTARA;;;B;MAHINDRA RACING;MAHINDRA RACING;;false;
48;1;3;1:25.410;0;;31.250;0;31.287;0;22.873;0;123.6;14:29.594;10:11:29.594;0:31.250;0:31.287;0:22.873;;Edoardo MORTARA;0:06:35.466;;B;MAHINDRA RACING;MAHINDRA RACING;;false;
48;1;4;1:19.526;0;;24.087;0;33.020;0;22.419;0;132.8;15:49.120;10:12:49.120;0:24.087;0:33.020;0:22.419;;Edoardo MORTARA;;;B;MAHINDRA RACING;MAHINDRA RACING;;false;
48;1;5;1:11.933;2;;22.979;2;27.804;2;21.150;2;146.8;17:01.053;10:14:01.053;0:22.979;0:27.804;0:21.150;;Edoardo MORTARA;;;B;MAHINDRA RACING;MAHINDRA RACING;;false;
48;1;6;1:23.045;0;;28.947;0;32.307;0;21.791;0;127.1;18:24.098;10:15:24.098;0:28.947;0:32.307;0:21.791;;Edoardo MORTARA;;;B;MAHINDRA RACING;MAHINDRA RACING;;false;
48;1;7;1:12.113;0;;22.987;0;27.871;0;21.255;0;146.4;19:36.211;10:16:36.211;0:22.987;0:27.871;0:21.255;;Edoardo MORTARA;;;B;MAHINDRA RACING;MAHINDRA RACING;;false;
5;1;1;1:33.523;0;;36.848;0;32.867;0;23.808;0;101.7;1:33.523;09:58:33.523;0:36.848;0:32.867;0:23.808;;Taylor BARNARD;0:00:04.222;;B;NEOM McLaren Formula E Team;NISSAN;;false;
5;1;2;1:22.312;0;;26.446;0;32.572;0;23.294;0;128.3;2:55.835;09:59:55.835;0:26.446;0:32.572;0:23.294;;Taylor BARNARD;;;B;NEOM McLaren Formula E Team;NISSAN;;false;
5;1;3;1:12.423;2;;23.258;0;27.778;2;21.387;0;145.8;4:08.258;10:01:08.258;0:23.258;0:27.778;0:21.387;;Taylor BARNARD;;;B;NEOM McLaren Formula E Team;NISSAN;;false;
5;1;4;10:57.886;0;B;28.978;0;1:05.278;0;9:23.630;0;16.0;15:06.144;10:12:06.144;0:28.978;1:05.278;9:23.630;;Taylor BARNARD;;;B;NEOM McLaren Formula E Team;NISSAN;;false;
5;1;5;1:25.115;0;;31.423;0;31.168;0;22.524;0;124.1;16:31.259;10:13:31.259;0:31.423;0:31.168;0:22.524;;Taylor BARNARD;0:09:03.278;;B;NEOM McLaren Formula E Team;NISSAN;;false;
5;1;6;1:12.587;0;;23.399;0;27.982;0;21.206;2;145.5;17:43.846;10:14:43.846;0:23.399;0:27.982;0:21.206;;Taylor BARNARD;;;B;NEOM McLaren Formula E Team;NISSAN;;false;
5;1;7;1:47.875;0;;33.415;0;47.023;0;27.437;0;97.9;19:31.721;10:16:31.721;0:33.415;0:47.023;0:27.437;;Taylor BARNARD;;;B;NEOM McLaren Formula E Team;NISSAN;;false;
5;1;8;1:12.460;0;;23.197;2;27.988;0;21.275;0;145.7;20:44.181;10:17:44.181;0:23.197;0:27.988;0:21.275;;Taylor BARNARD;;;B;NEOM McLaren Formula E Team;NISSAN;;false;
51;1;1;2:41.487;0;;1:41.996;0;33.487;0;26.004;0;58.9;2:41.487;09:59:41.487;1:41.996;0:33.487;0:26.004;;Nico MÜLLER;0:01:10.313;;B;Andretti Formula E;PORSCHE;;false;
51;1;2;1:22.764;0;;26.333;0;31.754;0;24.677;0;127.6;4:04.251;10:01:04.251;0:26.333;0:31.754;0:24.677;;Nico MÜLLER;;;B;Andretti Formula E;PORSCHE;;false;
51;1;3;9:08.134;0;B;26.690;0;1:02.746;0;7:38.698;0;19.3;13:12.385;10:10:12.385;0:26.690;1:02.746;7:38.698;;Nico MÜLLER;;;B;Andretti Formula E;PORSCHE;;false;
51;1;4;1:27.933;0;;29.505;0;31.966;0;26.462;0;120.1;14:40.318;10:11:40.318;0:29.505;0:31.966;0:26.462;;Nico MÜLLER;0:07:15.813;;B;Andretti Formula E;PORSCHE;;false;
51;1;5;1:26.090;0;;23.178;0;34.331;0;28.581;0;122.6;16:06.408;10:13:06.408;0:23.178;0:34.331;0:28.581;;Nico MÜLLER;;;B;Andretti Formula E;PORSCHE;;false;
51;1;6;1:12.176;2;;23.128;2;27.760;2;21.288;2;146.3;17:18.584;10:14:18.584;0:23.128;0:27.760;0:21.288;;Nico MÜLLER;;;B;Andretti Formula E;PORSCHE;;false;
51;1;7;1:46.318;0;;30.650;0;46.150;0;29.518;0;99.3;19:04.902;10:16:04.902;0:30.650;0:46.150;0:29.518;;Nico MÜLLER;;;B;Andretti Formula E;PORSCHE;;false;
7;1;1;4:01.311;0;;3:05.690;0;31.976;0;23.645;0;39.4;4:01.311;10:01:01.311;3:05.690;0:31.976;0:23.645;;Maximilian GÜNTHER;0:02:32.341;;B;DS PENSKE;STELLANTIS;;false;
7;1;2;9:54.233;0;B;26.003;0;53.092;0;8:35.138;0;17.8;13:55.544;10:10:55.544;0:26.003;0:53.092;8:35.138;;Maximilian GÜNTHER;;;B;DS PENSKE;STELLANTIS;;false;
7;1;3;1:25.408;0;;31.736;0;30.317;0;23.355;0;123.6;15:20.952;10:12:20.952;0:31.736;0:30.317;0:23.355;;Maximilian GÜNTHER;0:08:07.413;;B;DS PENSKE;STELLANTIS;;false;
7;1;4;1:19.472;0;;25.073;0;29.964;0;24.435;0;132.9;16:40.424;10:13:40.424;0:25.073;0:29.964;0:24.435;;Maximilian GÜNTHER;;;B;DS PENSKE;STELLANTIS;;false;
7;1;5;1:12.200;0;;23.336;0;27.777;0;21.087;3;146.2;17:52.624;10:14:52.624;0:23.336;0:27.777;0:21.087;;Maximilian GÜNTHER;;;B;DS PENSKE;STELLANTIS;;false;
7;1;6;1:41.698;0;;27.987;0;45.182;0;28.529;0;103.8;19:34.322;10:16:34.322;0:27.987;0:45.182;0:28.529;;Maximilian GÜNTHER;;;B;DS PENSKE;STELLANTIS;;false;
7;1;7;1:11.953;2;;22.946;2;27.716;2;21.291;0;146.7;20:46.275;10:17:46.275;0:22.946;0:27.716;0:21.291;;Maximilian GÜNTHER;;;B;DS PENSKE;STELLANTIS;;false;
9;1;1;2:48.634;0;;1:46.946;0;36.865;2;24.823;2;56.4;2:48.634;09:59:48.634;1:46.946;0:36.865;0:24.823;;Mitch EVANS;0:01:14.119;;B;Jaguar TCS Racing;JAGUAR;;false;
