﻿NUMBER; DRIVER_NUMBER; LAP_NUMBER; LAP_TIME; LAP_IMPROVEMENT; CROSSING_FINISH_LINE_IN_PIT; S1; S1_IMPROVEMENT; S2; S2_IMPROVEMENT; S3; S3_IMPROVEMENT; KPH; ELAPSED; HOUR;S1_LARGE;S2_LARGE;S3_LARGE;TOP_SPEED;DRIVER_NAME;PIT_TIME;CLASS;GROUP;TEAM;MANUFACTURER;POWER;FANBOOST;
11;1;1;1:33.170;0;;35.283;0;32.299;0;25.588;0;102.1;1:33.170;09:41:33.170;0:35.283;0:32.299;0:25.588;;Lucas DI GRASSI;0:00:05.389;;A;LOLA YAMAHA ABT Formula E Team;LOLA;;false;
11;1;2;1:13.820;0;;23.589;0;28.830;0;21.401;0;143.0;2:46.990;09:42:46.990;0:23.589;0:28.830;0:21.401;;Lucas DI GRASSI;;;A;LOLA YAMAHA ABT Formula E Team;LOLA;;false;
11;1;3;2:50.647;0;B;23.948;0;28.591;0;1:58.108;0;61.9;5:37.637;09:45:37.637;0:23.948;0:28.591;1:58.108;;Lucas DI GRASSI;;;A;LOLA YAMAHA ABT Formula E Team;LOLA;;false;
11;1;4;1:20.646;0;;28.972;0;29.225;0;22.449;0;130.9;6:58.283;09:46:58.283;0:28.972;0:29.225;0:22.449;;Lucas DI GRASSI;0:01:41.455;;A;LOLA YAMAHA ABT Formula E Team;LOLA;;false;
11;1;5;1:15.659;0;;23.471;0;28.374;0;23.814;0;139.6;8:13.942;09:48:13.942;0:23.471;0:28.374;0:23.814;;Lucas DI GRASSI;;;A;LOLA YAMAHA ABT Formula E Team;LOLA;;false;
11;1;6;1:12.100;2;;23.109;2;27.728;2;21.263;2;146.4;9:26.042;09:49:26.042;0:23.109;0:27.728;0:21.263;;Lucas DI GRASSI;;;A;LOLA YAMAHA ABT Formula E Team;LOLA;;false;
11;1;7;1:52.412;0;;32.124;0;49.195;0;31.093;0;93.9;11:18.454;09:51:18.454;0:32.124;0:49.195;0:31.093;;Lucas DI GRASSI;;;A;LOLA YAMAHA ABT Formula E Team;LOLA;;false;
11;1;8;1:12.350;0;;23.129;0;27.843;0;21.378;0;145.9;12:30.804;09:52:30.804;0:23.129;0:27.843;0:21.378;;Lucas DI GRASSI;;;A;LOLA YAMAHA ABT Formula E Team;LOLA;;false;
13;1;1;1:57.179;0;;55.088;0;36.577;0;25.514;0;81.2;1:57.179;09:41:57.179;0:55.088;0:36.577;0:25.514;;António Félix DA COSTA;0:00:22.238;;A;TAG Heuer Porsche Formula E Team;PORSCHE;;false;
13;1;2;1:24.544;0;;27.293;0;33.807;0;23.444;0;124.9;3:21.723;09:43:21.723;0:27.293;0:33.807;0:23.444;;António Félix DA COSTA;;;A;TAG Heuer Porsche Formula E Team;PORSCHE;;false;
13;1;3;1:21.024;0;;25.523;0;31.897;0;23.604;0;130.3;4:42.747;09:44:42.747;0:25.523;0:31.897;0:23.604;;António Félix DA COSTA;;;A;TAG Heuer Porsche Formula E Team;PORSCHE;;false;
13;1;4;1:19.122;0;;25.993;0;30.426;0;22.703;0;133.4;6:01.869;09:46:01.869;0:25.993;0:30.426;0:22.703;;António Félix DA COSTA;;;A;TAG Heuer Porsche Formula E Team;PORSCHE;;false;
13;1;5;1:11.974;0;;23.051;0;27.660;2;21.263;2;146.7;7:13.843;09:47:13.843;0:23.051;0:27.660;0:21.263;;António Félix DA COSTA;;;A;TAG Heuer Porsche Formula E Team;PORSCHE;;false;
13;1;6;1:34.155;0;;26.617;0;40.439;0;27.099;0;112.1;8:47.998;09:48:47.998;0:26.617;0:40.439;0:27.099;;António Félix DA COSTA;;;A;TAG Heuer Porsche Formula E Team;PORSCHE;;false;
13;1;7;1:11.891;2;;22.898;3;27.718;0;21.275;0;146.9;9:59.889;09:49:59.889;0:22.898;0:27.718;0:21.275;;António Félix DA COSTA;;;A;TAG Heuer Porsche Formula E Team;PORSCHE;;false;
13;1;8;1:51.646;0;;30.752;0;49.069;0;31.825;0;94.6;11:51.535;09:51:51.535;0:30.752;0:49.069;0:31.825;;António Félix DA COSTA;;;A;TAG Heuer Porsche Formula E Team;PORSCHE;;false;
16;1;1;3:11.894;0;;2:10.217;0;36.080;0;25.597;0;49.6;3:11.894;09:43:11.894;2:10.217;0:36.080;0:25.597;;Sébastien BUEMI;0:01:36.942;;A;Envision Racing;JAGUAR;;false;
16;1;2;1:22.747;0;;26.562;0;32.276;0;23.909;0;127.6;4:34.641;09:44:34.641;0:26.562;0:32.276;0:23.909;;Sébastien BUEMI;;;A;Envision Racing;JAGUAR;;false;
16;1;3;1:20.444;0;;25.458;0;30.371;0;24.615;0;131.3;5:55.085;09:45:55.085;0:25.458;0:30.371;0:24.615;;Sébastien BUEMI;;;A;Envision Racing;JAGUAR;;false;
16;1;4;1:12.174;0;;23.186;0;27.697;2;21.291;0;146.3;7:07.259;09:47:07.259;0:23.186;0:27.697;0:21.291;;Sébastien BUEMI;;;A;Envision Racing;JAGUAR;;false;
16;1;5;1:30.113;0;;29.259;0;35.545;0;25.309;0;117.2;8:37.372;09:48:37.372;0:29.259;0:35.545;0:25.309;;Sébastien BUEMI;;;A;Envision Racing;JAGUAR;;false;
16;1;6;1:12.068;2;;23.075;0;27.800;0;21.193;2;146.5;9:49.440;09:49:49.440;0:23.075;0:27.800;0:21.193;;Sébastien BUEMI;;;A;Envision Racing;JAGUAR;;false;
16;1;7;1:53.487;0;;30.742;0;48.514;0;34.231;0;93.0;11:42.927;09:51:42.927;0:30.742;0:48.514;0:34.231;;Sébastien BUEMI;;;A;Envision Racing;JAGUAR;;false;
16;1;8;1:12.239;0;;23.012;2;27.848;0;21.379;0;146.2;12:55.166;09:52:55.166;0:23.012;0:27.848;0:21.379;;Sébastien BUEMI;;;A;Envision Racing;JAGUAR;;false;
21;1;1;3:23.526;0;;2:26.175;0;32.704;0;24.647;0;46.7;3:23.526;09:43:23.526;2:26.175;0:32.704;0:24.647;;Nyck DE VRIES;0:01:54.357;;A;MAHINDRA RACING;MAHINDRA RACING;;false;
21;1;2;1:22.620;0;;26.348;0;31.471;0;24.801;0;127.8;4:46.146;09:44:46.146;0:26.348;0:31.471;0:24.801;;Nyck DE VRIES;;;A;MAHINDRA RACING;MAHINDRA RACING;;false;
21;1;3;1:20.757;0;;25.660;0;31.278;0;23.819;0;130.7;6:06.903;09:46:06.903;0:25.660;0:31.278;0:23.819;;Nyck DE VRIES;;;A;MAHINDRA RACING;MAHINDRA RACING;;false;
21;1;4;1:25.442;0;;25.263;0;33.471;0;26.708;0;123.6;7:32.345;09:47:32.345;0:25.263;0:33.471;0:26.708;;Nyck DE VRIES;;;A;MAHINDRA RACING;MAHINDRA RACING;;false;
21;1;5;1:12.753;0;;23.134;0;27.963;0;21.656;0;145.1;8:45.098;09:48:45.098;0:23.134;0:27.963;0:21.656;;Nyck DE VRIES;;;A;MAHINDRA RACING;MAHINDRA RACING;;false;
21;1;6;1:12.317;2;;23.112;0;27.942;2;21.263;2;146.0;9:57.415;09:49:57.415;0:23.112;0:27.942;0:21.263;;Nyck DE VRIES;;;A;MAHINDRA RACING;MAHINDRA RACING;;false;
21;1;7;1:50.207;0;;29.456;0;49.070;0;31.681;0;95.8;11:47.622;09:51:47.622;0:29.456;0:49.070;0:31.681;;Nyck DE VRIES;;;A;MAHINDRA RACING;MAHINDRA RACING;;false;
21;1;8;1:12.402;0;;23.042;2;27.997;0;21.363;0;145.8;13:00.024;09:53:00.024;0:23.042;0:27.997;0:21.363;;Nyck DE VRIES;;;A;MAHINDRA RACING;MAHINDRA RACING;;false;
23;1;1;3:38.528;0;;2:41.935;0;32.068;0;24.525;0;43.5;3:38.528;09:43:38.528;2:41.935;0:32.068;0:24.525;;Oliver ROWLAND;0:02:11.107;;A;Nissan Formula E Team;NISSAN;;false;
23;1;2;1:20.292;0;;26.846;0;30.903;0;22.543;0;131.5;4:58.820;09:44:58.820;0:26.846;0:30.903;0:22.543;;Oliver ROWLAND;;;A;Nissan Formula E Team;NISSAN;;false;
23;1;3;1:19.798;0;;24.398;0;31.328;0;24.072;0;132.3;6:18.618;09:46:18.618;0:24.398;0:31.328;0:24.072;;Oliver ROWLAND;;;A;Nissan Formula E Team;NISSAN;;false;
23;1;4;1:19.246;0;;25.273;0;30.486;0;23.487;0;133.2;7:37.864;09:47:37.864;0:25.273;0:30.486;0:23.487;;Oliver ROWLAND;;;A;Nissan Formula E Team;NISSAN;;false;
23;1;5;1:11.899;2;;22.975;0;27.667;2;21.257;2;146.9;8:49.763;09:48:49.763;0:22.975;0:27.667;0:21.257;;Oliver ROWLAND;;;A;Nissan Formula E Team;NISSAN;;false;
23;1;6;1:34.814;0;;29.133;0;37.433;0;28.248;0;111.4;10:24.577;09:50:24.577;0:29.133;0:37.433;0:28.248;;Oliver ROWLAND;;;A;Nissan Formula E Team;NISSAN;;false;
23;1;7;1:30.112;0;;30.022;0;34.908;0;25.182;0;117.2;11:54.689;09:51:54.689;0:30.022;0:34.908;0:25.182;;Oliver ROWLAND;;;A;Nissan Formula E Team;NISSAN;;false;
23;1;8;1:12.070;0;;22.937;2;27.843;0;21.290;0;146.5;13:06.759;09:53:06.759;0:22.937;0:27.843;0:21.290;;Oliver ROWLAND;;;A;Nissan Formula E Team;NISSAN;;false;
25;1;1;4:06.371;0;;3:06.531;0;34.399;0;25.441;0;38.6;4:06.371;09:44:06.371;3:06.531;0:34.399;0:25.441;;Jean-Éric VERGNE;0:02:34.199;;A;DS PENSKE;STELLANTIS;;false;
25;1;2;1:20.315;0;;26.480;0;30.123;0;23.712;0;131.5;5:26.686;09:45:26.686;0:26.480;0:30.123;0:23.712;;Jean-Éric VERGNE;;;A;DS PENSKE;STELLANTIS;;false;
25;1;3;1:12.137;0;;23.023;0;27.973;0;21.141;2;146.4;6:38.823;09:46:38.823;0:23.023;0:27.973;0:21.141;;Jean-Éric VERGNE;;;A;DS PENSKE;STELLANTIS;;false;
25;1;4;1:32.578;0;;29.213;0;38.988;0;24.377;0;114.1;8:11.401;09:48:11.401;0:29.213;0:38.988;0:24.377;;Jean-Éric VERGNE;;;A;DS PENSKE;STELLANTIS;;false;
25;1;5;1:11.952;2;;22.936;2;27.727;2;21.289;0;146.7;9:23.353;09:49:23.353;0:22.936;0:27.727;0:21.289;;Jean-Éric VERGNE;;;A;DS PENSKE;STELLANTIS;;false;
25;1;6;1:52.780;0;;31.961;0;48.055;0;32.764;0;93.6;11:16.133;09:51:16.133;0:31.961;0:48.055;0:32.764;;Jean-Éric VERGNE;;;A;DS PENSKE;STELLANTIS;;false;
27;1;1;2:55.137;0;;1:54.817;0;35.819;0;24.501;0;54.3;2:55.137;09:42:55.137;1:54.817;0:35.819;0:24.501;;Jake DENNIS;0:01:23.428;;A;Andretti Formula E;PORSCHE;;false;
27;1;2;1:22.310;0;;26.053;0;32.000;0;24.257;0;128.3;4:17.447;09:44:17.447;0:26.053;0:32.000;0:24.257;;Jake DENNIS;;;A;Andretti Formula E;PORSCHE;;false;
27;1;3;1:20.999;0;;25.328;0;30.138;0;25.533;0;130.4;5:38.446;09:45:38.446;0:25.328;0:30.138;0:25.533;;Jake DENNIS;;;A;Andretti Formula E;PORSCHE;;false;
27;1;4;1:11.732;3;;23.085;0;27.622;3;21.025;3;147.2;6:50.178;09:46:50.178;0:23.085;0:27.622;0:21.025;;Jake DENNIS;;;A;Andretti Formula E;PORSCHE;;false;
27;1;5;1:33.290;0;;29.879;0;37.317;0;26.094;0;113.2;8:23.468;09:48:23.468;0:29.879;0:37.317;0:26.094;;Jake DENNIS;;;A;Andretti Formula E;PORSCHE;;false;
27;1;6;1:11.867;0;;23.010;2;27.739;0;21.118;0;146.9;9:35.335;09:49:35.335;0:23.010;0:27.739;0:21.118;;Jake DENNIS;;;A;Andretti Formula E;PORSCHE;;false;
27;1;7;1:49.964;0;;33.708;0;46.040;0;30.216;0;96.0;11:25.299;09:51:25.299;0:33.708;0:46.040;0:30.216;;Jake DENNIS;;;A;Andretti Formula E;PORSCHE;;false;
3;1;1;2:27.448;0;;1:25.623;0;35.619;0;26.206;0;64.5;2:27.448;09:42:27.448;1:25.623;0:35.619;0:26.206;;David BECKMANN;0:00:52.045;;A;Cupra Kiro;PORSCHE;;false;
3;1;2;1:26.731;0;;28.675;0;33.453;0;24.603;0;121.7;3:54.179;09:43:54.179;0:28.675;0:33.453;0:24.603;;David BECKMANN;;;A;Cupra Kiro;PORSCHE;;false;
3;1;3;1:19.192;0;;26.012;0;31.086;0;22.094;0;133.3;5:13.371;09:45:13.371;0:26.012;0:31.086;0:22.094;;David BECKMANN;;;A;Cupra Kiro;PORSCHE;;false;
3;1;4;1:12.615;0;;23.275;0;28.013;0;21.327;2;145.4;6:25.986;09:46:25.986;0:23.275;0:28.013;0:21.327;;David BECKMANN;;;A;Cupra Kiro;PORSCHE;;false;
3;1;5;1:41.208;0;;28.760;0;44.641;0;27.807;0;104.3;8:07.194;09:48:07.194;0:28.760;0:44.641;0:27.807;;David BECKMANN;;;A;Cupra Kiro;PORSCHE;;false;
3;1;6;1:12.310;2;;23.077;2;27.762;2;21.471;0;146.0;9:19.504;09:49:19.504;0:23.077;0:27.762;0:21.471;;David BECKMANN;;;A;Cupra Kiro;PORSCHE;;false;
3;1;7;1:47.969;0;;30.620;0;46.738;0;30.611;0;97.8;11:07.473;09:51:07.473;0:30.620;0:46.738;0:30.611;;David BECKMANN;;;A;Cupra Kiro;PORSCHE;;false;
3;1;8;1:12.351;0;;23.173;0;27.812;0;21.366;0;145.9;12:19.824;09:52:19.824;0:23.173;0:27.812;0:21.366;;David BECKMANN;;;A;Cupra Kiro;PORSCHE;;false;
37;1;1;3:09.776;0;;2:06.229;0;36.441;0;27.106;0;50.1;3:09.776;09:43:09.776;2:06.229;0:36.441;0:27.106;;Nick CASSIDY;0:01:33.191;;A;Jaguar TCS Racing;JAGUAR;;false;
37;1;2;1:28.535;0;;28.955;0;34.108;0;25.472;0;119.3;4:38.311;09:44:38.311;0:28.955;0:34.108;0:25.472;;Nick CASSIDY;;;A;Jaguar TCS Racing;JAGUAR;;false;
37;1;3;1:25.198;0;;26.634;0;32.886;0;25.678;0;123.9;6:03.509;09:46:03.509;0:26.634;0:32.886;0:25.678;;Nick CASSIDY;;;A;Jaguar TCS Racing;JAGUAR;;false;
37;1;4;1:24.649;0;;25.535;0;32.681;0;26.433;0;124.7;7:28.158;09:47:28.158;0:25.535;0:32.681;0:26.433;;Nick CASSIDY;;;A;Jaguar TCS Racing;JAGUAR;;false;
37;1;5;1:12.055;2;;23.047;2;27.730;2;21.278;2;146.5;8:40.213;09:48:40.213;0:23.047;0:27.730;0:21.278;;Nick CASSIDY;;;A;Jaguar TCS Racing;JAGUAR;;false;
37;1;6;1:50.442;0;;31.400;0;50.265;0;28.777;0;95.6;10:30.655;09:50:30.655;0:31.400;0:50.265;0:28.777;;Nick CASSIDY;;;A;Jaguar TCS Racing;JAGUAR;;false;
37;1;7;1:26.896;0;;29.224;0;35.248;0;22.424;0;121.5;11:57.551;09:51:57.551;0:29.224;0:35.248;0:22.424;;Nick CASSIDY;;;A;Jaguar TCS Racing;JAGUAR;;false;
37;1;8;1:12.182;0;;23.070;0;27.811;0;21.301;0;146.3;13:09.733;09:53:09.733;0:23.070;0:27.811;0:21.301;;Nick CASSIDY;;;A;Jaguar TCS Racing;JAGUAR;;false;
55;1;1;4:08.349;0;;3:08.483;0;33.184;0;26.682;0;38.3;4:08.349;09:44:08.349;3:08.483;0:33.184;0:26.682;;Jake HUGHES;0:02:37.706;;A;Maserati MSG Racing;STELLANTIS;;false;
55;1;2;1:20.170;0;;25.842;0;30.742;0;23.586;0;131.7;5:28.519;09:45:28.519;0:25.842;0:30.742;0:23.586;;Jake HUGHES;;;A;Maserati MSG Racing;STELLANTIS;;false;
55;1;3;1:12.154;2;;22.967;0;27.776;2;21.411;0;146.3;6:40.673;09:46:40.673;0:22.967;0:27.776;0:21.411;;Jake HUGHES;;;A;Maserati MSG Racing;STELLANTIS;;false;
55;1;4;1:35.880;0;;29.882;0;40.214;0;25.784;0;110.1;8:16.553;09:48:16.553;0:29.882;0:40.214;0:25.784;;Jake HUGHES;;;A;Maserati MSG Racing;STELLANTIS;;false;
55;1;5;1:12.320;0;;23.053;0;27.960;0;21.307;2;146.0;9:28.873;09:49:28.873;0:23.053;0:27.960;0:21.307;;Jake HUGHES;;;A;Maserati MSG Racing;STELLANTIS;;false;
55;1;6;1:54.206;0;;35.255;0;48.928;0;30.023;0;92.5;11:23.079;09:51:23.079;0:35.255;0:48.928;0:30.023;;Jake HUGHES;;;A;Maserati MSG Racing;STELLANTIS;;false;
55;1;7;1:12.229;0;;22.913;2;27.874;0;21.442;0;146.2;12:35.308;09:52:35.308;0:22.913;0:27.874;0:21.442;;Jake HUGHES;;;A;Maserati MSG Racing;STELLANTIS;;false;
8;1;1;1:31.910;0;;34.942;0;31.880;0;25.088;0;103.5;1:31.910;09:41:31.910;0:34.942;0:31.880;0:25.088;;Sam BIRD;0:00:03.891;;A;NEOM McLaren Formula E Team;NISSAN;;false;
8;1;2;1:21.562;0;;26.488;0;31.140;0;23.934;0;129.5;2:53.472;09:42:53.472;0:26.488;0:31.140;0:23.934;;Sam BIRD;;;A;NEOM McLaren Formula E Team;NISSAN;;false;
8;1;3;1:12.394;0;;23.284;0;27.820;0;21.290;0;145.9;4:05.866;09:44:05.866;0:23.284;0:27.820;0:21.290;;Sam BIRD;;;A;NEOM McLaren Formula E Team;NISSAN;;false;
8;1;4;2:52.561;0;B;29.050;0;40.066;0;1:43.445;0;61.2;6:58.427;09:46:58.427;0:29.050;0:40.066;1:43.445;;Sam BIRD;;;A;NEOM McLaren Formula E Team;NISSAN;;false;
8;1;5;1:30.178;0;;29.209;0;32.566;0;28.403;0;117.1;8:28.605;09:48:28.605;0:29.209;0:32.566;0:28.403;;Sam BIRD;0:01:23.834;;A;NEOM McLaren Formula E Team;NISSAN;;false;
8;1;6;1:12.113;2;;23.088;0;27.801;2;21.224;2;146.4;9:40.718;09:49:40.718;0:23.088;0:27.801;0:21.224;;Sam BIRD;;;A;NEOM McLaren Formula E Team;NISSAN;;false;
8;1;7;1:49.549;0;;29.463;0;47.724;0;32.362;0;96.4;11:30.267;09:51:30.267;0:29.463;0:47.724;0:32.362;;Sam BIRD;;;A;NEOM McLaren Formula E Team;NISSAN;;false;
8;1;8;1:12.238;0;;23.073;2;27.826;0;21.339;0;146.2;12:42.505;09:52:42.505;0:23.073;0:27.826;0:21.339;;Sam BIRD;;;A;NEOM McLaren Formula E Team;NISSAN;;false;
