﻿NUMBER; DRIVER_NUMBER; LAP_NUMBER; LAP_TIME; LAP_IMPROVEMENT; CROSSING_FINISH_LINE_IN_PIT; S1; S1_IMPROVEMENT; S2; S2_IMPROVEMENT; S3; S3_IMPROVEMENT; KPH; ELAPSED; HOUR;S1_LARGE;S2_LARGE;S3_LARGE;TOP_SPEED;DRIVER_NAME;PIT_TIME;CLASS;GROUP;TEAM;MANUFACTURER;POWER;FANBOOST;ATTACK_MODE;
11;1;1;4:03.018;0;;2:47.663;0;34.852;0;40.503;0;44.5;4:03.018;15:24:03.018;2:47.663;0:34.852;0:40.503;;Lucas DI GRASSI;0:02:17.722;;A;LOLA YAMAHA ABT Formula E Team;LOLA;;false;false;
11;1;2;1:31.033;0;;25.724;0;27.361;0;37.948;0;118.7;5:34.051;15:25:34.051;0:25.724;0:27.361;0:37.948;;Lucas DI GRASSI;;;A;LOLA YAMAHA ABT Formula E Team;LOLA;;false;false;
11;1;3;1:24.298;0;;22.989;0;25.904;0;35.405;0;128.2;6:58.349;15:26:58.349;0:22.989;0:25.904;0:35.405;;Lucas DI GRASSI;;;A;LOLA YAMAHA ABT Formula E Team;LOLA;;false;false;
11;1;4;1:18.351;2;;22.064;2;24.305;0;31.982;2;137.9;8:16.700;15:28:16.700;0:22.064;0:24.305;0:31.982;;Lucas DI GRASSI;;;A;LOLA YAMAHA ABT Formula E Team;LOLA;;false;false;
11;1;5;2:17.874;0;;33.787;0;46.093;0;57.994;0;78.4;10:34.574;15:30:34.574;0:33.787;0:46.093;0:57.994;;Lucas DI GRASSI;;;A;LOLA YAMAHA ABT Formula E Team;LOLA;;false;false;
11;1;6;1:19.177;0;;22.080;0;24.190;2;32.907;0;136.4;11:53.751;15:31:53.751;0:22.080;0:24.190;0:32.907;;Lucas DI GRASSI;;;A;LOLA YAMAHA ABT Formula E Team;LOLA;;false;false;
13;1;1;2:34.170;0;;1:26.637;0;29.815;0;37.718;0;70.1;2:34.170;15:22:34.170;1:26.637;0:29.815;0:37.718;;António Félix DA COSTA;0:00:56.638;;A;TAG Heuer Porsche Formula E Team;PORSCHE;;false;false;
13;1;2;1:29.407;0;;24.940;0;28.155;0;36.312;0;120.8;4:03.577;15:24:03.577;0:24.940;0:28.155;0:36.312;;António Félix DA COSTA;;;A;TAG Heuer Porsche Formula E Team;PORSCHE;;false;false;
13;1;3;1:29.355;0;;24.048;0;26.076;0;39.231;0;120.9;5:32.932;15:25:32.932;0:24.048;0:26.076;0:39.231;;António Félix DA COSTA;;;A;TAG Heuer Porsche Formula E Team;PORSCHE;;false;false;
13;1;4;1:18.213;0;;22.225;0;24.273;0;31.715;0;138.1;6:51.145;15:26:51.145;0:22.225;0:24.273;0:31.715;;António Félix DA COSTA;;;A;TAG Heuer Porsche Formula E Team;PORSCHE;;false;false;
13;1;5;1:39.317;0;;27.389;0;34.389;0;37.539;0;108.8;8:30.462;15:28:30.462;0:27.389;0:34.389;0:37.539;;António Félix DA COSTA;;;A;TAG Heuer Porsche Formula E Team;PORSCHE;;false;false;
13;1;6;1:17.774;2;;21.975;0;24.161;0;31.638;2;138.9;9:48.236;15:29:48.236;0:21.975;0:24.161;0:31.638;;António Félix DA COSTA;;;A;TAG Heuer Porsche Formula E Team;PORSCHE;;false;false;
13;1;7;1:50.246;0;;28.517;0;39.048;0;42.681;0;98.0;11:38.482;15:31:38.482;0:28.517;0:39.048;0:42.681;;António Félix DA COSTA;;;A;TAG Heuer Porsche Formula E Team;PORSCHE;;false;false;
13;1;8;1:17.804;0;;21.862;2;24.068;2;31.874;0;138.9;12:56.286;15:32:56.286;0:21.862;0:24.068;0:31.874;;António Félix DA COSTA;;;A;TAG Heuer Porsche Formula E Team;PORSCHE;;false;false;
16;1;1;4:04.439;0;;2:47.302;0;36.072;0;41.065;0;44.2;4:04.439;15:24:04.439;2:47.302;0:36.072;0:41.065;;Sébastien BUEMI;0:02:16.638;;A;Envision Racing;JAGUAR;;false;false;
16;1;2;1:30.822;0;;25.927;0;28.519;0;36.376;0;119.0;5:35.261;15:25:35.261;0:25.927;0:28.519;0:36.376;;Sébastien BUEMI;;;A;Envision Racing;JAGUAR;;false;false;
16;1;3;1:36.644;0;;24.032;0;27.077;0;45.535;0;111.8;7:11.905;15:27:11.905;0:24.032;0:27.077;0:45.535;;Sébastien BUEMI;;;A;Envision Racing;JAGUAR;;false;false;
16;1;4;1:37.984;0;;22.153;0;30.180;0;45.651;0;110.3;8:49.889;15:28:49.889;0:22.153;0:30.180;0:45.651;;Sébastien BUEMI;;;A;Envision Racing;JAGUAR;;false;false;
16;1;5;1:18.214;0;;22.135;0;24.174;2;31.905;0;138.1;10:08.103;15:30:08.103;0:22.135;0:24.174;0:31.905;;Sébastien BUEMI;;;A;Envision Racing;JAGUAR;;false;false;
16;1;6;1:38.672;0;;28.668;0;31.334;0;38.670;0;109.5;11:46.775;15:31:46.775;0:28.668;0:31.334;0:38.670;;Sébastien BUEMI;;;A;Envision Racing;JAGUAR;;false;false;
16;1;7;1:17.993;2;;22.004;2;24.324;0;31.665;2;138.5;13:04.768;15:33:04.768;0:22.004;0:24.324;0:31.665;;Sébastien BUEMI;;;A;Envision Racing;JAGUAR;;false;false;
21;1;1;3:22.238;0;;2:14.852;0;29.232;0;38.154;0;53.4;3:22.238;15:23:22.238;2:14.852;0:29.232;0:38.154;;Nyck DE VRIES;0:01:45.648;;A;MAHINDRA RACING;MAHINDRA RACING;;false;false;
21;1;2;1:22.772;0;;23.384;0;25.355;0;34.033;0;130.5;4:45.010;15:24:45.010;0:23.384;0:25.355;0:34.033;;Nyck DE VRIES;;;A;MAHINDRA RACING;MAHINDRA RACING;;false;false;
21;1;3;1:22.349;0;;23.358;0;25.690;0;33.301;0;131.2;6:07.359;15:26:07.359;0:23.358;0:25.690;0:33.301;;Nyck DE VRIES;;;A;MAHINDRA RACING;MAHINDRA RACING;;false;false;
21;1;4;1:17.780;0;;21.926;0;24.122;0;31.732;0;138.9;7:25.139;15:27:25.139;0:21.926;0:24.122;0:31.732;;Nyck DE VRIES;;;A;MAHINDRA RACING;MAHINDRA RACING;;false;false;
21;1;5;1:33.576;0;;27.142;0;30.193;0;36.241;0;115.5;8:58.715;15:28:58.715;0:27.142;0:30.193;0:36.241;;Nyck DE VRIES;;;A;MAHINDRA RACING;MAHINDRA RACING;;false;false;
21;1;6;1:17.548;0;;21.890;0;24.027;0;31.631;2;139.3;10:16.263;15:30:16.263;0:21.890;0:24.027;0:31.631;;Nyck DE VRIES;;;A;MAHINDRA RACING;MAHINDRA RACING;;false;false;
21;1;7;1:34.802;0;;27.062;0;31.479;0;36.261;0;114.0;11:51.065;15:31:51.065;0:27.062;0:31.479;0:36.261;;Nyck DE VRIES;;;A;MAHINDRA RACING;MAHINDRA RACING;;false;false;
21;1;8;1:17.492;2;;21.827;2;23.909;3;31.756;0;139.4;13:08.557;15:33:08.557;0:21.827;0:23.909;0:31.756;;Nyck DE VRIES;;;A;MAHINDRA RACING;MAHINDRA RACING;;false;false;
37;1;1;2:23.867;0;;1:10.677;0;33.331;0;39.859;0;75.1;2:23.867;15:22:23.867;1:10.677;0:33.331;0:39.859;;Nick CASSIDY;0:00:38.449;;A;Jaguar TCS Racing;JAGUAR;;false;false;
37;1;2;1:29.873;0;;26.016;0;28.460;0;35.397;0;120.2;3:53.740;15:23:53.740;0:26.016;0:28.460;0:35.397;;Nick CASSIDY;;;A;Jaguar TCS Racing;JAGUAR;;false;false;
37;1;3;1:31.495;0;;24.875;0;28.181;0;38.439;0;118.1;5:25.235;15:25:25.235;0:24.875;0:28.181;0:38.439;;Nick CASSIDY;;;A;Jaguar TCS Racing;JAGUAR;;false;false;
37;1;4;1:18.008;0;;22.041;0;24.268;0;31.699;2;138.5;6:43.243;15:26:43.243;0:22.041;0:24.268;0:31.699;;Nick CASSIDY;;;A;Jaguar TCS Racing;JAGUAR;;false;false;
37;1;5;2:00.805;0;;30.372;0;42.041;0;48.392;0;89.4;8:44.048;15:28:44.048;0:30.372;0:42.041;0:48.392;;Nick CASSIDY;;;A;Jaguar TCS Racing;JAGUAR;;false;false;
37;1;6;2:00.324;0;;21.941;2;41.464;0;56.919;0;89.8;10:44.372;15:30:44.372;0:21.941;0:41.464;0:56.919;;Nick CASSIDY;;;A;Jaguar TCS Racing;JAGUAR;;false;false;
37;1;7;1:17.663;2;;21.942;0;24.014;2;31.707;0;139.1;12:02.035;15:32:02.035;0:21.942;0:24.014;0:31.707;;Nick CASSIDY;;;A;Jaguar TCS Racing;JAGUAR;;false;false;
4;1;1;3:48.856;0;;2:40.519;0;30.209;0;38.128;0;47.2;3:48.856;15:23:48.856;2:40.519;0:30.209;0:38.128;;Robin FRIJNS;0:02:13.819;;A;Envision Racing;JAGUAR;;false;false;
4;1;2;1:26.061;0;;24.425;0;26.751;0;34.885;0;125.5;5:14.917;15:25:14.917;0:24.425;0:26.751;0:34.885;;Robin FRIJNS;;;A;Envision Racing;JAGUAR;;false;false;
4;1;3;1:25.171;0;;23.336;0;27.422;0;34.413;0;126.8;6:40.088;15:26:40.088;0:23.336;0:27.422;0:34.413;;Robin FRIJNS;;;A;Envision Racing;JAGUAR;;false;false;
4;1;4;1:31.107;0;;29.021;0;26.514;0;35.572;0;118.6;8:11.195;15:28:11.195;0:29.021;0:26.514;0:35.572;;Robin FRIJNS;;;A;Envision Racing;JAGUAR;;false;false;
4;1;5;1:18.404;2;;22.075;2;24.542;2;31.787;2;137.8;9:29.599;15:29:29.599;0:22.075;0:24.542;0:31.787;;Robin FRIJNS;;;A;Envision Racing;JAGUAR;;false;false;
4;1;6;1:37.815;0;;25.686;0;30.927;0;41.202;0;110.4;11:07.414;15:31:07.414;0:25.686;0:30.927;0:41.202;;Robin FRIJNS;;;A;Envision Racing;JAGUAR;;false;false;
4;1;7;1:19.299;0;;22.316;0;24.954;0;32.029;0;136.2;12:26.713;15:32:26.713;0:22.316;0:24.954;0:32.029;;Robin FRIJNS;;;A;Envision Racing;JAGUAR;;false;false;
5;1;1;1:50.497;0;;45.906;0;27.812;0;36.779;0;97.8;1:50.497;15:21:50.497;0:45.906;0:27.812;0:36.779;;Taylor BARNARD;0:00:17.247;;A;NEOM McLaren Formula E Team;NISSAN;;false;false;
5;1;2;1:25.555;0;;24.830;0;26.461;0;34.264;0;126.3;3:16.052;15:23:16.052;0:24.830;0:26.461;0:34.264;;Taylor BARNARD;;;A;NEOM McLaren Formula E Team;NISSAN;;false;false;
5;1;3;1:18.200;0;;22.048;0;24.211;0;31.941;0;138.2;4:34.252;15:24:34.252;0:22.048;0:24.211;0:31.941;;Taylor BARNARD;;;A;NEOM McLaren Formula E Team;NISSAN;;false;false;
5;1;4;1:48.481;0;;30.858;0;36.425;0;41.198;0;99.6;6:22.733;15:26:22.733;0:30.858;0:36.425;0:41.198;;Taylor BARNARD;;;A;NEOM McLaren Formula E Team;NISSAN;;false;false;
5;1;5;1:17.505;0;;21.874;0;24.010;2;31.621;0;139.4;7:40.238;15:27:40.238;0:21.874;0:24.010;0:31.621;;Taylor BARNARD;;;A;NEOM McLaren Formula E Team;NISSAN;;false;false;
5;1;6;1:44.316;0;;30.327;0;34.839;0;39.150;0;103.6;9:24.554;15:29:24.554;0:30.327;0:34.839;0:39.150;;Taylor BARNARD;;;A;NEOM McLaren Formula E Team;NISSAN;;false;false;
5;1;7;1:38.932;0;;28.962;0;30.818;0;39.152;0;109.2;11:03.486;15:31:03.486;0:28.962;0:30.818;0:39.152;;Taylor BARNARD;;;A;NEOM McLaren Formula E Team;NISSAN;;false;false;
5;1;8;1:17.429;3;;21.817;3;24.114;0;31.498;3;139.5;12:20.915;15:32:20.915;0:21.817;0:24.114;0:31.498;;Taylor BARNARD;;;A;NEOM McLaren Formula E Team;NISSAN;;false;false;
51;1;1;4:00.744;0;;2:50.744;0;31.499;0;38.501;0;44.9;4:00.744;15:24:00.744;2:50.744;0:31.499;0:38.501;;Nico MÜLLER;0:02:19.813;;A;Andretti Formula E;PORSCHE;;false;false;
51;1;2;1:28.962;0;;24.726;0;26.808;0;37.428;0;121.4;5:29.706;15:25:29.706;0:24.726;0:26.808;0:37.428;;Nico MÜLLER;;;A;Andretti Formula E;PORSCHE;;false;false;
51;1;3;1:36.096;0;;22.403;0;24.231;0;49.462;0;112.4;7:05.802;15:27:05.802;0:22.403;0:24.231;0:49.462;;Nico MÜLLER;;;A;Andretti Formula E;PORSCHE;;false;false;
51;1;4;1:17.855;2;;22.035;0;24.006;2;31.814;2;138.8;8:23.657;15:28:23.657;0:22.035;0:24.006;0:31.814;;Nico MÜLLER;;;A;Andretti Formula E;PORSCHE;;false;false;
51;1;5;1:47.747;0;;31.894;0;34.104;0;41.749;0;100.3;10:11.404;15:30:11.404;0:31.894;0:34.104;0:41.749;;Nico MÜLLER;;;A;Andretti Formula E;PORSCHE;;false;false;
51;1;6;1:32.030;0;;26.310;0;29.173;0;36.547;0;117.4;11:43.434;15:31:43.434;0:26.310;0:29.173;0:36.547;;Nico MÜLLER;;;A;Andretti Formula E;PORSCHE;;false;false;
51;1;7;1:18.424;0;;21.906;2;24.362;0;32.156;0;137.8;13:01.858;15:33:01.858;0:21.906;0:24.362;0:32.156;;Nico MÜLLER;;;A;Andretti Formula E;PORSCHE;;false;false;
7;1;1;1:45.225;0;;42.252;0;27.684;0;35.289;0;102.7;1:45.225;15:21:45.225;0:42.252;0:27.684;0:35.289;;Maximilian GÜNTHER;0:00:13.892;;A;DS PENSKE;STELLANTIS;;false;false;
7;1;2;1:23.922;0;;23.665;0;25.765;0;34.492;0;128.7;3:09.147;15:23:09.147;0:23.665;0:25.765;0:34.492;;Maximilian GÜNTHER;;;A;DS PENSKE;STELLANTIS;;false;false;
7;1;3;3:23.375;0;B;23.304;0;25.332;0;2:34.739;0;53.1;6:32.522;15:26:32.522;0:23.304;0:25.332;2:34.739;;Maximilian GÜNTHER;;;A;DS PENSKE;STELLANTIS;;false;false;
7;1;4;1:42.060;0;;39.111;0;26.215;0;36.734;0;105.9;8:14.582;15:28:14.582;0:39.111;0:26.215;0:36.734;;Maximilian GÜNTHER;0:02:12.588;;A;DS PENSKE;STELLANTIS;;false;false;
7;1;5;1:17.665;0;;21.997;0;24.019;2;31.649;0;139.1;9:32.247;15:29:32.247;0:21.997;0:24.019;0:31.649;;Maximilian GÜNTHER;;;A;DS PENSKE;STELLANTIS;;false;false;
7;1;6;1:44.319;0;;28.514;0;34.464;0;41.341;0;103.6;11:16.566;15:31:16.566;0:28.514;0:34.464;0:41.341;;Maximilian GÜNTHER;;;A;DS PENSKE;STELLANTIS;;false;false;
7;1;7;1:17.491;2;;21.899;2;24.019;0;31.573;2;139.4;12:34.057;15:32:34.057;0:21.899;0:24.019;0:31.573;;Maximilian GÜNTHER;;;A;DS PENSKE;STELLANTIS;;false;false;
8;1;1;1:52.256;0;;46.647;0;28.548;0;37.061;0;96.2;1:52.256;15:21:52.256;0:46.647;0:28.548;0:37.061;;Sam BIRD;0:00:19.651;;A;NEOM McLaren Formula E Team;NISSAN;;false;false;
8;1;2;1:28.889;0;;24.453;0;27.183;0;37.253;0;121.5;3:21.145;15:23:21.145;0:24.453;0:27.183;0:37.253;;Sam BIRD;;;A;NEOM McLaren Formula E Team;NISSAN;;false;false;
8;1;3;1:18.617;0;;22.153;0;24.318;0;32.146;0;137.4;4:39.762;15:24:39.762;0:22.153;0:24.318;0:32.146;;Sam BIRD;;;A;NEOM McLaren Formula E Team;NISSAN;;false;false;
8;1;4;1:47.366;0;;30.967;0;35.466;0;40.933;0;100.6;6:27.128;15:26:27.128;0:30.967;0:35.466;0:40.933;;Sam BIRD;;;A;NEOM McLaren Formula E Team;NISSAN;;false;false;
8;1;5;1:17.973;0;;21.949;0;24.041;0;31.983;0;138.6;7:45.101;15:27:45.101;0:21.949;0:24.041;0:31.983;;Sam BIRD;;;A;NEOM McLaren Formula E Team;NISSAN;;false;false;
8;1;6;1:48.226;0;;28.082;0;37.435;0;42.709;0;99.8;9:33.327;15:29:33.327;0:28.082;0:37.435;0:42.709;;Sam BIRD;;;A;NEOM McLaren Formula E Team;NISSAN;;false;false;
8;1;7;1:38.924;0;;25.694;0;33.366;0;39.864;0;109.2;11:12.251;15:31:12.251;0:25.694;0:33.366;0:39.864;;Sam BIRD;;;A;NEOM McLaren Formula E Team;NISSAN;;false;false;
8;1;8;1:17.751;2;;21.919;2;24.013;2;31.819;2;139.0;12:30.002;15:32:30.002;0:21.919;0:24.013;0:31.819;;Sam BIRD;;;A;NEOM McLaren Formula E Team;NISSAN;;false;false;
9;1;1;2:16.555;0;;1:04.403;0;33.002;0;39.150;0;79.1;2:16.555;15:22:16.555;1:04.403;0:33.002;0:39.150;;Mitch EVANS;0:00:33.134;;A;Jaguar TCS Racing;JAGUAR;;false;false;
9;1;2;1:31.481;0;;26.137;0;29.329;0;36.015;0;118.1;3:48.036;15:23:48.036;0:26.137;0:29.329;0:36.015;;Mitch EVANS;;;A;Jaguar TCS Racing;JAGUAR;;false;false;
9;1;3;1:25.417;0;;24.179;0;27.149;0;34.089;0;126.5;5:13.453;15:25:13.453;0:24.179;0:27.149;0:34.089;;Mitch EVANS;;;A;Jaguar TCS Racing;JAGUAR;;false;false;
9;1;4;1:18.449;0;;22.065;0;24.258;0;32.126;0;137.7;6:31.902;15:26:31.902;0:22.065;0:24.258;0:32.126;;Mitch EVANS;;;A;Jaguar TCS Racing;JAGUAR;;false;false;
9;1;5;1:47.888;0;;27.281;0;35.012;0;45.595;0;100.1;8:19.790;15:28:19.790;0:27.281;0:35.012;0:45.595;;Mitch EVANS;;;A;Jaguar TCS Racing;JAGUAR;;false;false;
9;1;6;1:17.507;2;;22.003;0;23.969;2;31.535;2;139.4;9:37.297;15:29:37.297;0:22.003;0:23.969;0:31.535;;Mitch EVANS;;;A;Jaguar TCS Racing;JAGUAR;;false;false;
9;1;7;1:47.023;0;;27.844;0;38.567;0;40.612;0;100.9;11:24.320;15:31:24.320;0:27.844;0:38.567;0:40.612;;Mitch EVANS;;;A;Jaguar TCS Racing;JAGUAR;;false;false;
9;1;8;1:17.768;0;;21.907;2;24.168;0;31.693;0;138.9;12:42.088;15:32:42.088;0:21.907;0:24.168;0:31.693;;Mitch EVANS;;;A;Jaguar TCS Racing;JAGUAR;;false;false;
