﻿NUMBER; DRIVER_NUMBER; LAP_NUMBER; LAP_TIME; LAP_IMPROVEMENT; CROSSING_FINISH_LINE_IN_PIT; S1; S1_IMPROVEMENT; S2; S2_IMPROVEMENT; S3; S3_IMPROVEMENT; KPH; ELAPSED; HOUR;S1_LARGE;S2_LARGE;S3_LARGE;TOP_SPEED;DRIVER_NAME;PIT_TIME;CLASS;GROUP;TEAM;MANUFACTURER;POWER;FANBOOST;
11;1;1;1:56.476;0;;1:04.258;0;26.297;0;25.921;0;60.9;1:56.476;12:38:56.476;1:04.258;0:26.297;0:25.921;;Lucas DI GRASSI;0:00:43.408;;B;ABT CUPRA FORMULA E TEAM;Mahindra Racing;;false;
11;1;2;1:12.521;0;;25.820;0;24.235;0;22.466;0;103.3;3:08.997;12:40:08.997;0:25.820;0:24.235;0:22.466;;Lucas DI GRASSI;;;B;ABT CUPRA FORMULA E TEAM;Mahindra Racing;;false;
11;1;3;1:11.410;0;;25.308;0;24.097;0;22.005;0;104.9;4:20.407;12:41:20.407;0:25.308;0:24.097;0:22.005;;Lucas DI GRASSI;;;B;ABT CUPRA FORMULA E TEAM;Mahindra Racing;;false;
11;1;4;1:21.291;0;B;25.729;0;28.738;0;26.824;0;92.1;5:41.698;12:42:41.698;0:25.729;0:28.738;0:26.824;;Lucas DI GRASSI;;;B;ABT CUPRA FORMULA E TEAM;Mahindra Racing;;false;
11;1;5;3:20.551;0;;2:24.765;0;25.907;0;29.879;0;37.3;9:02.249;12:46:02.249;2:24.765;0:25.907;0:29.879;;Lucas DI GRASSI;0:02:05.887;;B;ABT CUPRA FORMULA E TEAM;Mahindra Racing;;false;
11;1;6;1:11.235;2;;25.235;0;24.027;0;21.973;2;105.1;10:13.484;12:47:13.484;0:25.235;0:24.027;0:21.973;;Lucas DI GRASSI;;;B;ABT CUPRA FORMULA E TEAM;Mahindra Racing;;false;
11;1;7;1:34.581;0;;31.167;0;30.706;0;32.708;0;79.2;11:48.065;12:48:48.065;0:31.167;0:30.706;0:32.708;;Lucas DI GRASSI;;;B;ABT CUPRA FORMULA E TEAM;Mahindra Racing;;false;
11;1;8;1:11.385;0;;25.218;2;23.943;2;22.224;0;104.9;12:59.450;12:49:59.450;0:25.218;0:23.943;0:22.224;;Lucas DI GRASSI;;;B;ABT CUPRA FORMULA E TEAM;Mahindra Racing;;false;
13;1;1;1:29.816;0;;33.632;0;27.954;0;28.230;0;79.0;1:29.816;12:38:29.816;0:33.632;0:27.954;0:28.230;;António Félix DA COSTA;0:00:11.809;;B;TAG Heuer Porsche Formula E Team;Porsche;;false;
13;1;2;1:11.863;0;;25.545;0;24.234;0;22.084;0;104.2;2:41.679;12:39:41.679;0:25.545;0:24.234;0:22.084;;António Félix DA COSTA;;;B;TAG Heuer Porsche Formula E Team;Porsche;;false;
13;1;3;1:11.305;0;;25.261;0;24.105;0;21.939;2;105.0;3:52.984;12:40:52.984;0:25.261;0:24.105;0:21.939;;António Félix DA COSTA;;;B;TAG Heuer Porsche Formula E Team;Porsche;;false;
13;1;4;1:14.632;0;B;25.255;0;24.370;0;25.007;0;100.3;5:07.616;12:42:07.616;0:25.255;0:24.370;0:25.007;;António Félix DA COSTA;;;B;TAG Heuer Porsche Formula E Team;Porsche;;false;
13;1;5;2:53.610;0;;2:02.436;0;26.796;0;24.378;0;43.1;8:01.226;12:45:01.226;2:02.436;0:26.796;0:24.378;;António Félix DA COSTA;0:01:43.021;;B;TAG Heuer Porsche Formula E Team;Porsche;;false;
13;1;6;1:17.751;0;;27.038;0;25.793;0;24.920;0;96.3;9:18.977;12:46:18.977;0:27.038;0:25.793;0:24.920;;António Félix DA COSTA;;;B;TAG Heuer Porsche Formula E Team;Porsche;;false;
13;1;7;1:11.126;0;;25.114;0;24.032;0;21.980;0;105.3;10:30.103;12:47:30.103;0:25.114;0:24.032;0:21.980;;António Félix DA COSTA;;;B;TAG Heuer Porsche Formula E Team;Porsche;;false;
13;1;8;1:21.699;0;;28.670;0;26.885;0;26.144;0;91.7;11:51.802;12:48:51.802;0:28.670;0:26.885;0:26.144;;António Félix DA COSTA;;;B;TAG Heuer Porsche Formula E Team;Porsche;;false;
13;1;9;1:10.990;2;;25.041;2;23.857;3;22.092;0;105.5;13:02.792;12:50:02.792;0:25.041;0:23.857;0:22.092;;António Félix DA COSTA;;;B;TAG Heuer Porsche Formula E Team;Porsche;;false;
17;1;1;1:25.903;0;;33.027;0;27.542;0;25.334;0;82.6;1:25.903;12:38:25.903;0:33.027;0:27.542;0:25.334;;Norman NATO;0:00:10.755;;B;Andretti Formula E;Porsche;;false;
17;1;2;1:11.995;0;;25.334;0;24.013;0;22.648;0;104.0;2:37.898;12:39:37.898;0:25.334;0:24.013;0:22.648;;Norman NATO;;;B;Andretti Formula E;Porsche;;false;
17;1;3;1:11.508;0;;25.323;0;24.093;0;22.092;0;104.7;3:49.406;12:40:49.406;0:25.323;0:24.093;0:22.092;;Norman NATO;;;B;Andretti Formula E;Porsche;;false;
17;1;4;1:16.911;0;B;26.329;0;24.956;0;25.626;0;97.4;5:06.317;12:42:06.317;0:26.329;0:24.956;0:25.626;;Norman NATO;;;B;Andretti Formula E;Porsche;;false;
17;1;5;3:27.987;0;;2:38.327;0;26.374;0;23.286;0;36.0;8:34.304;12:45:34.304;2:38.327;0:26.374;0:23.286;;Norman NATO;0:02:18.974;;B;Andretti Formula E;Porsche;;false;
17;1;6;1:11.116;0;;25.014;0;24.102;0;22.000;2;105.3;9:45.420;12:46:45.420;0:25.014;0:24.102;0:22.000;;Norman NATO;;;B;Andretti Formula E;Porsche;;false;
17;1;7;1:25.131;0;;31.002;0;28.806;0;25.323;0;88.0;11:10.551;12:48:10.551;0:31.002;0:28.806;0:25.323;;Norman NATO;;;B;Andretti Formula E;Porsche;;false;
17;1;8;1:10.940;2;;24.930;2;24.004;2;22.006;0;105.6;12:21.491;12:49:21.491;0:24.930;0:24.004;0:22.006;;Norman NATO;;;B;Andretti Formula E;Porsche;;false;
18;1;1;1:40.203;0;;46.399;0;27.207;0;26.597;0;70.8;1:40.203;12:38:40.203;0:46.399;0:27.207;0:26.597;;Jehan DARUVALA;0:00:20.592;;B;Maserati MSG Racing;STELLANTIS;;false;
18;1;2;1:15.004;0;;25.278;0;24.612;0;25.114;0;99.8;2:55.207;12:39:55.207;0:25.278;0:24.612;0:25.114;;Jehan DARUVALA;;;B;Maserati MSG Racing;STELLANTIS;;false;
18;1;3;1:11.293;0;;25.159;0;24.048;0;22.086;2;105.0;4:06.500;12:41:06.500;0:25.159;0:24.048;0:22.086;;Jehan DARUVALA;;;B;Maserati MSG Racing;STELLANTIS;;false;
18;1;4;1:17.526;0;B;26.560;0;24.967;0;25.999;0;96.6;5:24.026;12:42:24.026;0:26.560;0:24.967;0:25.999;;Jehan DARUVALA;;;B;Maserati MSG Racing;STELLANTIS;;false;
18;1;5;3:23.294;0;;2:31.445;0;26.583;0;25.266;0;36.8;8:47.320;12:45:47.320;2:31.445;0:26.583;0:25.266;;Jehan DARUVALA;0:02:09.654;;B;Maserati MSG Racing;STELLANTIS;;false;
18;1;6;1:11.524;0;;25.196;0;24.187;0;22.141;0;104.7;9:58.844;12:46:58.844;0:25.196;0:24.187;0:22.141;;Jehan DARUVALA;;;B;Maserati MSG Racing;STELLANTIS;;false;
18;1;7;1:27.950;0;;28.490;0;30.682;0;28.778;0;85.1;11:26.794;12:48:26.794;0:28.490;0:30.682;0:28.778;;Jehan DARUVALA;;;B;Maserati MSG Racing;STELLANTIS;;false;
18;1;8;1:11.101;2;;24.984;2;23.969;2;22.148;0;105.3;12:37.895;12:49:37.895;0:24.984;0:23.969;0:22.148;;Jehan DARUVALA;;;B;Maserati MSG Racing;STELLANTIS;;false;
2;1;1;1:35.131;0;;40.046;0;29.393;0;25.692;0;74.5;1:35.131;12:38:35.131;0:40.046;0:29.393;0:25.692;;Stoffel VANDOORNE;0:00:17.693;;B;DS PENSKE;STELLANTIS;;false;
2;1;2;1:26.462;0;;26.230;0;28.314;0;31.918;0;86.6;3:01.593;12:40:01.593;0:26.230;0:28.314;0:31.918;;Stoffel VANDOORNE;;;B;DS PENSKE;STELLANTIS;;false;
2;1;3;1:11.292;0;;25.155;0;24.133;0;22.004;2;105.0;4:12.885;12:41:12.885;0:25.155;0:24.133;0:22.004;;Stoffel VANDOORNE;;;B;DS PENSKE;STELLANTIS;;false;
2;1;4;1:14.471;0;B;25.138;0;24.185;0;25.148;0;100.5;5:27.356;12:42:27.356;0:25.138;0:24.185;0:25.148;;Stoffel VANDOORNE;;;B;DS PENSKE;STELLANTIS;;false;
2;1;5;3:23.090;0;;2:29.407;0;26.722;0;26.961;0;36.9;8:50.446;12:45:50.446;2:29.407;0:26.722;0:26.961;;Stoffel VANDOORNE;0:02:09.294;;B;DS PENSKE;STELLANTIS;;false;
2;1;6;1:12.658;0;;25.310;0;24.030;0;23.318;0;103.1;10:03.104;12:47:03.104;0:25.310;0:24.030;0:23.318;;Stoffel VANDOORNE;;;B;DS PENSKE;STELLANTIS;;false;
2;1;7;1:33.439;0;;27.889;0;29.172;0;36.378;0;80.1;11:36.543;12:48:36.543;0:27.889;0:29.172;0:36.378;;Stoffel VANDOORNE;;;B;DS PENSKE;STELLANTIS;;false;
2;1;8;1:11.125;2;;25.057;2;24.012;2;22.056;0;105.3;12:47.668;12:49:47.668;0:25.057;0:24.012;0:22.056;;Stoffel VANDOORNE;;;B;DS PENSKE;STELLANTIS;;false;
23;1;1;1:43.762;0;;47.254;0;27.984;0;28.524;0;68.3;1:43.762;12:38:43.762;0:47.254;0:27.984;0:28.524;;Sacha FENESTRAZ;0:00:21.890;;B;Nissan Formula E Team;Nissan;;false;
23;1;2;1:12.783;0;;25.624;0;24.358;0;22.801;0;102.9;2:56.545;12:39:56.545;0:25.624;0:24.358;0:22.801;;Sacha FENESTRAZ;;;B;Nissan Formula E Team;Nissan;;false;
23;1;3;1:31.410;0;;32.432;0;32.573;0;26.405;0;81.9;4:27.955;12:41:27.955;0:32.432;0:32.573;0:26.405;;Sacha FENESTRAZ;;;B;Nissan Formula E Team;Nissan;;false;
23;1;4;1:11.499;0;;25.260;0;24.045;0;22.194;0;104.7;5:39.454;12:42:39.454;0:25.260;0:24.045;0:22.194;;Sacha FENESTRAZ;;;B;Nissan Formula E Team;Nissan;;false;
23;1;5;1:14.445;0;B;25.514;0;24.209;0;24.722;0;100.6;6:53.899;12:43:53.899;0:25.514;0:24.209;0:24.722;;Sacha FENESTRAZ;;;B;Nissan Formula E Team;Nissan;;false;
23;1;6;3:00.240;0;;2:03.755;0;29.264;0;27.221;0;41.5;9:54.139;12:46:54.139;2:03.755;0:29.264;0:27.221;;Sacha FENESTRAZ;0:01:43.870;;B;Nissan Formula E Team;Nissan;;false;
23;1;7;1:25.008;0;;28.248;0;27.823;0;28.937;0;88.1;11:19.147;12:48:19.147;0:28.248;0:27.823;0:28.937;;Sacha FENESTRAZ;;;B;Nissan Formula E Team;Nissan;;false;
23;1;8;1:11.057;2;;25.043;2;24.021;2;21.993;2;105.4;12:30.204;12:49:30.204;0:25.043;0:24.021;0:21.993;;Sacha FENESTRAZ;;;B;Nissan Formula E Team;Nissan;;false;
25;1;1;1:33.698;0;;38.340;0;30.045;0;25.313;0;75.7;1:33.698;12:38:33.698;0:38.340;0:30.045;0:25.313;;Jean-Éric VERGNE;0:00:16.065;;B;DS PENSKE;STELLANTIS;;false;
25;1;2;1:17.587;0;;26.868;0;26.806;0;23.913;0;96.5;2:51.285;12:39:51.285;0:26.868;0:26.806;0:23.913;;Jean-Éric VERGNE;;;B;DS PENSKE;STELLANTIS;;false;
25;1;3;1:11.359;0;;25.096;0;24.179;0;22.084;0;104.9;4:02.644;12:41:02.644;0:25.096;0:24.179;0:22.084;;Jean-Éric VERGNE;;;B;DS PENSKE;STELLANTIS;;false;
25;1;4;1:17.488;0;B;26.118;0;24.843;0;26.527;0;96.6;5:20.132;12:42:20.132;0:26.118;0:24.843;0:26.527;;Jean-Éric VERGNE;;;B;DS PENSKE;STELLANTIS;;false;
25;1;5;3:24.153;0;;2:30.633;0;28.568;0;24.952;0;36.7;8:44.285;12:45:44.285;2:30.633;0:28.568;0:24.952;;Jean-Éric VERGNE;0:02:10.100;;B;DS PENSKE;STELLANTIS;;false;
25;1;6;1:11.036;0;;25.006;0;24.015;0;22.015;2;105.4;9:55.321;12:46:55.321;0:25.006;0:24.015;0:22.015;;Jean-Éric VERGNE;;;B;DS PENSKE;STELLANTIS;;false;
25;1;7;1:27.864;0;;30.049;0;30.760;0;27.055;0;85.2;11:23.185;12:48:23.185;0:30.049;0:30.760;0:27.055;;Jean-Éric VERGNE;;;B;DS PENSKE;STELLANTIS;;false;
25;1;8;1:10.955;2;;24.930;2;23.977;2;22.048;0;105.5;12:34.140;12:49:34.140;0:24.930;0:23.977;0:22.048;;Jean-Éric VERGNE;;;B;DS PENSKE;STELLANTIS;;false;
33;1;1;1:44.514;0;;51.633;0;27.906;0;24.975;0;67.9;1:44.514;12:38:44.514;0:51.633;0:27.906;0:24.975;;Dan TICKTUM;0:00:28.683;;B;ERT Formula E Team;Electric Racing Technologies;;false;
33;1;2;1:21.880;0;;27.499;0;26.029;0;28.352;0;91.5;3:06.394;12:40:06.394;0:27.499;0:26.029;0:28.352;;Dan TICKTUM;;;B;ERT Formula E Team;Electric Racing Technologies;;false;
33;1;3;1:11.720;0;;25.531;0;24.061;0;22.128;2;104.4;4:18.114;12:41:18.114;0:25.531;0:24.061;0:22.128;;Dan TICKTUM;;;B;ERT Formula E Team;Electric Racing Technologies;;false;
33;1;4;1:16.352;0;B;26.553;0;24.670;0;25.129;0;98.1;5:34.466;12:42:34.466;0:26.553;0:24.670;0:25.129;;Dan TICKTUM;;;B;ERT Formula E Team;Electric Racing Technologies;;false;
33;1;5;3:03.974;0;;2:11.860;0;25.288;0;26.826;0;40.7;8:38.440;12:45:38.440;2:11.860;0:25.288;0:26.826;;Dan TICKTUM;0:01:52.623;;B;ERT Formula E Team;Electric Racing Technologies;;false;
33;1;6;1:11.561;0;;24.969;2;24.285;0;22.307;0;104.6;9:50.001;12:46:50.001;0:24.969;0:24.285;0:22.307;;Dan TICKTUM;;;B;ERT Formula E Team;Electric Racing Technologies;;false;
33;1;7;1:41.296;0;;38.124;0;31.259;0;31.913;0;73.9;11:31.297;12:48:31.297;0:38.124;0:31.259;0:31.913;;Dan TICKTUM;;;B;ERT Formula E Team;Electric Racing Technologies;;false;
33;1;8;1:11.136;2;;24.974;0;24.001;2;22.161;0;105.3;12:42.433;12:49:42.433;0:24.974;0:24.001;0:22.161;;Dan TICKTUM;;;B;ERT Formula E Team;Electric Racing Technologies;;false;
51;1;1;1:51.749;0;;54.973;0;27.220;0;29.556;0;63.5;1:51.749;12:38:51.749;0:54.973;0:27.220;0:29.556;;Nico MÜLLER;0:00:34.168;;B;ABT CUPRA FORMULA E TEAM;Mahindra Racing;;false;
51;1;2;1:11.623;0;;25.245;0;24.231;0;22.147;0;104.5;3:03.372;12:40:03.372;0:25.245;0:24.231;0:22.147;;Nico MÜLLER;;;B;ABT CUPRA FORMULA E TEAM;Mahindra Racing;;false;
51;1;3;1:11.802;0;;25.440;0;24.312;0;22.050;0;104.3;4:15.174;12:41:15.174;0:25.440;0:24.312;0:22.050;;Nico MÜLLER;;;B;ABT CUPRA FORMULA E TEAM;Mahindra Racing;;false;
51;1;4;1:14.640;0;B;26.105;0;24.269;0;24.266;0;100.3;5:29.814;12:42:29.814;0:26.105;0:24.269;0:24.266;;Nico MÜLLER;;;B;ABT CUPRA FORMULA E TEAM;Mahindra Racing;;false;
51;1;5;3:23.779;0;;2:26.092;0;26.913;0;30.774;0;36.7;8:53.593;12:45:53.593;2:26.092;0:26.913;0:30.774;;Nico MÜLLER;0:02:05.586;;B;ABT CUPRA FORMULA E TEAM;Mahindra Racing;;false;
51;1;6;1:11.028;0;;25.027;2;24.018;0;21.983;0;105.4;10:04.621;12:47:04.621;0:25.027;0:24.018;0:21.983;;Nico MÜLLER;;;B;ABT CUPRA FORMULA E TEAM;Mahindra Racing;;false;
51;1;7;1:39.376;0;;29.352;0;30.505;0;39.519;0;75.4;11:43.997;12:48:43.997;0:29.352;0:30.505;0:39.519;;Nico MÜLLER;;;B;ABT CUPRA FORMULA E TEAM;Mahindra Racing;;false;
51;1;8;1:10.894;2;;25.027;0;23.887;2;21.980;2;105.6;12:54.891;12:49:54.891;0:25.027;0:23.887;0:21.980;;Nico MÜLLER;;;B;ABT CUPRA FORMULA E TEAM;Mahindra Racing;;false;
7;1;1;1:45.261;0;;53.165;0;27.592;0;24.504;0;67.4;1:45.261;12:38:45.261;0:53.165;0:27.592;0:24.504;;Maximilian GÜNTHER;0:00:30.397;;B;Maserati MSG Racing;STELLANTIS;;false;
7;1;2;1:26.018;0;;27.589;0;31.396;0;27.033;0;87.1;3:11.279;12:40:11.279;0:27.589;0:31.396;0:27.033;;Maximilian GÜNTHER;;;B;Maserati MSG Racing;STELLANTIS;;false;
7;1;3;1:11.085;0;;25.131;0;24.020;2;21.934;3;105.3;4:22.364;12:41:22.364;0:25.131;0:24.020;0:21.934;;Maximilian GÜNTHER;;;B;Maserati MSG Racing;STELLANTIS;;false;
7;1;4;1:17.105;0;B;25.486;0;25.861;0;25.758;0;97.1;5:39.469;12:42:39.469;0:25.486;0:25.861;0:25.758;;Maximilian GÜNTHER;;;B;Maserati MSG Racing;STELLANTIS;;false;
7;1;5;3:18.456;0;;2:22.581;0;26.999;0;28.876;0;37.7;8:57.925;12:45:57.925;2:22.581;0:26.999;0:28.876;;Maximilian GÜNTHER;0:02:00.784;;B;Maserati MSG Racing;STELLANTIS;;false;
7;1;6;1:11.405;0;;25.079;0;24.061;0;22.265;0;104.9;10:09.330;12:47:09.330;0:25.079;0:24.061;0:22.265;;Maximilian GÜNTHER;;;B;Maserati MSG Racing;STELLANTIS;;false;
7;1;7;1:31.143;0;;27.925;0;30.353;0;32.865;0;82.2;11:40.473;12:48:40.473;0:27.925;0:30.353;0:32.865;;Maximilian GÜNTHER;;;B;Maserati MSG Racing;STELLANTIS;;false;
7;1;8;1:11.011;2;;24.820;3;24.113;0;22.078;0;105.4;12:51.484;12:49:51.484;0:24.820;0:24.113;0:22.078;;Maximilian GÜNTHER;;;B;Maserati MSG Racing;STELLANTIS;;false;
9;1;1;1:23.007;0;;31.644;0;27.166;0;24.197;0;85.4;1:23.007;12:38:23.007;0:31.644;0:27.166;0:24.197;;Mitch EVANS;0:00:08.697;;B;Jaguar TCS Racing;Jaguar;;false;
9;1;2;1:11.159;0;;25.224;0;23.958;0;21.977;0;105.2;2:34.166;12:39:34.166;0:25.224;0:23.958;0:21.977;;Mitch EVANS;;;B;Jaguar TCS Racing;Jaguar;;false;
9;1;3;1:27.310;0;;31.616;0;31.780;0;23.914;0;85.8;4:01.476;12:41:01.476;0:31.616;0:31.780;0:23.914;;Mitch EVANS;;;B;Jaguar TCS Racing;Jaguar;;false;
9;1;4;1:10.878;3;;25.032;2;23.892;2;21.954;2;105.6;5:12.354;12:42:12.354;0:25.032;0:23.892;0:21.954;;Mitch EVANS;;;B;Jaguar TCS Racing;Jaguar;;false;
9;1;5;1:20.475;0;B;27.082;0;26.954;0;26.439;0;93.0;6:32.829;12:43:32.829;0:27.082;0:26.954;0:26.439;;Mitch EVANS;;;B;Jaguar TCS Racing;Jaguar;;false;
9;1;6;3:20.259;0;;2:22.936;0;30.589;0;26.734;0;37.4;9:53.088;12:46:53.088;2:22.936;0:30.589;0:26.734;;Mitch EVANS;0:02:02.091;;B;Jaguar TCS Racing;Jaguar;;false;
9;1;7;1:21.691;0;;27.716;0;27.852;0;26.123;0;91.7;11:14.779;12:48:14.779;0:27.716;0:27.852;0:26.123;;Mitch EVANS;;;B;Jaguar TCS Racing;Jaguar;;false;
9;1;8;1:11.540;0;;25.158;0;24.056;0;22.326;0;104.7;12:26.319;12:49:26.319;0:25.158;0:24.056;0:22.326;;Mitch EVANS;;;B;Jaguar TCS Racing;Jaguar;;false;
